é	27	6	9	0	0	0	1	1	0	0	0	1	1	0	0	0	0	0	0	0	0	0	1	1	1	1	0	1	1	0	0	1	1	1	1	1	1	1	1	1	1	0	0	0	0	1	1	0	0	0	0	0	1	1	1	1	1
è	27	6	9	0	1	1	0	0	0	0	0	1	1	0	0	0	0	0	0	0	0	0	1	1	1	1	0	1	1	0	0	1	1	1	1	1	1	1	1	1	1	0	0	0	0	1	1	0	0	0	0	0	1	1	1	1	1
ç	19	5	8	0	1	1	1	1	1	1	0	0	0	1	1	0	0	0	1	1	0	0	0	1	1	0	0	0	0	1	1	1	1	0	0	0	1	0	0	1	1	0	0
à	28	6	9	0	1	1	0	0	0	0	0	1	1	0	0	0	0	0	0	0	0	0	1	1	1	1	0	0	0	0	0	1	1	0	1	1	1	1	1	1	1	0	0	1	1	1	1	0	0	1	1	0	1	1	1	1	1
ù	29	6	9	0	1	1	0	0	0	0	0	1	1	0	0	0	0	0	0	0	0	1	1	0	0	1	1	1	1	0	0	1	1	1	1	0	0	1	1	1	1	0	0	1	1	1	1	0	0	1	1	0	1	1	1	1	1
â	31	6	9	0	0	1	1	1	0	0	1	1	0	1	1	0	0	0	0	0	0	0	1	1	1	1	0	0	0	0	0	1	1	0	1	1	1	1	1	1	1	0	0	1	1	1	1	0	0	1	1	0	1	1	1	1	1
ê	30	6	9	0	0	1	1	1	0	0	1	1	0	1	1	0	0	0	0	0	0	0	1	1	1	1	0	1	1	0	0	1	1	1	1	1	1	1	1	1	1	0	0	0	0	1	1	0	0	0	0	0	1	1	1	1	1
û	32	6	9	0	0	1	1	1	0	0	1	1	0	1	1	0	0	0	0	0	0	1	1	0	0	1	1	1	1	0	0	1	1	1	1	0	0	1	1	1	1	0	0	1	1	1	1	0	0	1	1	0	1	1	1	1	1
î	16	4	9	0	1	1	0	1	0	0	1	0	0	0	0	0	1	1	0	0	1	1	0	0	1	1	0	0	1	1	0	0	1	1	0	0	1	1	0
ô	31	6	9	0	0	1	1	1	0	0	1	1	0	1	1	0	0	0	0	0	0	0	1	1	1	1	0	1	1	0	0	1	1	1	1	0	0	1	1	1	1	0	0	1	1	1	1	0	0	1	1	0	1	1	1	1	0
ä	28	6	8	0	1	1	0	1	1	0	0	0	0	0	0	0	1	1	1	1	0	0	0	0	0	1	1	0	1	1	1	1	1	1	1	0	0	1	1	1	1	0	0	1	1	0	1	1	1	1	1
ë	27	6	8	0	1	1	0	1	1	0	0	0	0	0	0	0	1	1	1	1	0	1	1	0	0	1	1	1	1	1	1	1	1	1	1	0	0	0	0	1	1	0	0	0	0	0	1	1	1	1	1
ö	28	6	8	1	1	0	0	1	1	0	0	0	0	0	0	0	1	1	1	1	0	1	1	0	0	1	1	1	1	0	0	1	1	1	1	0	0	1	1	1	1	0	0	1	1	0	1	1	1	1	0
ü	29	6	8	0	1	1	0	1	1	0	0	0	0	0	0	1	1	0	0	1	1	1	1	0	0	1	1	1	1	0	0	1	1	1	1	0	0	1	1	1	1	0	0	1	1	0	1	1	1	1	1
Ä	37	7	10	0	1	1	0	1	1	0	0	0	0	0	0	0	0	0	0	1	1	1	0	0	0	0	1	1	1	0	0	0	1	1	0	1	1	0	0	1	1	0	1	1	0	0	1	1	0	1	1	0	1	1	1	1	1	1	1	1	1	0	0	0	1	1	1	1	0	0	0	1	1
Ë	29	5	10	1	1	0	1	1	0	0	0	0	0	1	1	1	1	1	1	1	0	0	0	1	1	0	0	0	1	1	1	1	1	1	1	0	0	0	1	1	0	0	0	1	1	0	0	0	1	1	1	1	1
Ï	24	6	10	1	1	0	0	1	1	0	0	0	0	0	0	0	1	1	1	1	0	0	0	1	1	0	0	0	0	1	1	0	0	0	0	1	1	0	0	0	0	1	1	0	0	0	0	1	1	0	0	0	0	1	1	0	0	0	1	1	1	1	0
Ö	38	7	10	0	1	1	0	1	1	0	0	0	0	0	0	0	0	0	1	1	1	1	1	0	1	1	0	0	0	1	1	1	1	0	0	0	1	1	1	1	0	0	0	1	1	1	1	0	0	0	1	1	1	1	0	0	0	1	1	1	1	0	0	0	1	1	0	1	1	1	1	1	0
Ü	37	7	10	0	1	1	0	1	1	0	0	0	0	0	0	0	0	1	1	0	0	0	1	1	1	1	0	0	0	1	1	1	1	0	0	0	1	1	1	1	0	0	0	1	1	1	1	0	0	0	1	1	1	1	0	0	0	1	1	1	1	0	0	0	1	1	0	1	1	1	1	1	0
Â	40	7	11	0	0	1	1	1	0	0	0	1	1	0	1	1	0	0	0	0	0	0	0	0	0	0	1	1	1	0	0	0	0	1	1	1	0	0	0	1	1	0	1	1	0	0	1	1	0	1	1	0	0	1	1	0	1	1	0	1	1	1	1	1	1	1	1	1	0	0	0	1	1	1	1	0	0	0	1	1
0	32	6	8	0	1	1	1	1	0	1	1	0	0	1	1	1	1	0	0	1	1	1	1	0	0	1	1	1	1	0	0	1	1	1	1	0	0	1	1	1	1	0	0	1	1	0	1	1	1	1	0
1	19	4	8	0	1	1	0	1	1	1	0	0	1	1	0	0	1	1	0	0	1	1	0	0	1	1	0	0	1	1	0	1	1	1	1
2	24	6	8	0	1	1	1	1	0	1	1	0	0	1	1	0	0	0	0	1	1	0	0	0	1	1	0	0	0	1	1	0	0	0	1	1	0	0	0	1	1	0	0	0	0	1	1	1	1	1	1
3	25	6	8	0	1	1	1	1	0	1	1	0	0	1	1	0	0	0	0	1	1	0	0	1	1	1	0	0	0	0	0	1	1	0	0	0	0	1	1	1	1	0	0	1	1	0	1	1	1	1	0
4	22	6	8	0	0	0	0	1	0	0	0	0	1	1	0	0	0	1	1	1	0	0	1	0	1	1	0	1	0	0	1	1	0	1	1	1	1	1	1	0	0	0	1	1	0	0	0	0	1	1	0
5	25	6	8	0	1	1	1	1	1	0	1	1	0	0	0	0	1	1	0	0	0	0	1	1	1	1	0	0	0	0	0	1	1	0	0	0	0	1	1	1	1	0	0	1	1	0	1	1	1	1	0
6	29	6	8	0	1	1	1	1	0	1	1	0	0	0	0	1	1	0	0	0	0	1	1	1	1	1	0	1	1	0	0	1	1	1	1	0	0	1	1	1	1	0	0	1	1	0	1	1	1	1	0
7	20	6	8	1	1	1	1	1	1	0	0	0	0	1	1	0	0	0	1	1	0	0	0	0	1	1	0	0	0	0	1	1	0	0	0	1	1	0	0	0	0	1	1	0	0	0	0	1	1	0	0
8	32	6	8	0	1	1	1	1	0	1	1	0	0	1	1	1	1	0	0	1	1	0	1	1	1	1	0	1	1	0	0	1	1	1	1	0	0	1	1	1	1	0	0	1	1	0	1	1	1	1	0
9	29	6	8	0	1	1	1	1	0	1	1	0	0	1	1	1	1	0	0	1	1	1	1	0	0	1	1	0	1	1	1	1	1	0	0	0	0	1	1	0	0	0	0	1	1	0	1	1	1	1	0
fi	34	6	9	0	1	1	1	0	0	1	1	0	0	1	1	1	1	0	0	0	0	1	1	1	0	1	1	1	1	0	0	1	1	1	1	0	0	1	1	1	1	0	0	1	1	1	1	0	0	1	1	1	1	0	0	1	1
ft	39	8	9	0	1	1	1	0	0	0	0	1	1	0	0	1	1	0	0	1	1	0	0	1	1	0	0	1	1	1	0	1	1	1	1	1	1	0	0	1	1	0	0	1	1	0	0	1	1	0	0	1	1	0	0	1	1	0	0	1	1	0	0	1	1	0	0	1	1	0	0	0	1	1	1
fh	51	10	9	0	1	1	1	1	1	0	0	0	0	1	1	0	0	1	1	0	0	0	0	1	1	0	0	1	1	0	0	0	0	1	1	1	0	1	1	1	1	1	0	1	1	0	0	1	1	0	0	1	1	1	1	0	0	1	1	0	0	1	1	1	1	0	0	1	1	0	0	1	1	1	1	0	0	1	1	0	0	1	1	1	1	0	0	1	1	0	0	1	1
fk	50	10	9	0	1	1	1	1	1	0	0	0	0	1	1	0	0	1	1	0	0	0	0	1	1	0	0	1	1	0	0	0	0	1	1	1	0	1	1	0	0	1	1	1	1	0	0	1	1	0	1	1	0	1	1	0	0	1	1	1	1	0	0	1	1	0	0	1	1	1	1	0	0	1	1	0	0	1	1	0	1	1	0	1	1	0	0	1	1	0	0	1	1
fl	38	6	9	0	1	1	1	1	1	1	1	0	0	1	1	1	1	0	0	1	1	1	1	1	0	1	1	1	1	0	0	1	1	1	1	0	0	1	1	1	1	0	0	1	1	1	1	0	0	1	1	1	1	0	0	1	1
ff	40	8	9	0	1	1	1	0	1	1	1	1	1	0	0	1	1	0	0	1	1	0	0	1	1	0	0	1	1	1	0	1	1	1	0	1	1	0	0	1	1	0	0	1	1	0	0	1	1	0	0	1	1	0	0	1	1	0	0	1	1	0	0	1	1	0	0	1	1	0	0	1	1	0	0
fb	52	10	9	0	1	1	1	1	1	0	0	0	0	1	1	0	0	1	1	0	0	0	0	1	1	0	0	1	1	0	0	0	0	1	1	1	0	1	1	1	1	1	0	1	1	0	0	1	1	0	0	1	1	1	1	0	0	1	1	0	0	1	1	1	1	0	0	1	1	0	0	1	1	1	1	0	0	1	1	0	0	1	1	1	1	0	0	1	1	1	1	1	0
fff	60	12	9	0	1	1	1	0	1	1	1	0	1	1	1	1	1	0	0	1	1	0	0	1	1	0	0	1	1	0	0	1	1	0	0	1	1	0	0	1	1	1	0	1	1	1	0	1	1	1	0	1	1	0	0	1	1	0	0	1	1	0	0	1	1	0	0	1	1	0	0	1	1	0	0	1	1	0	0	1	1	0	0	1	1	0	0	1	1	0	0	1	1	0	0	1	1	0	0	1	1	0	0	1	1	0	0	1	1	0	0
ffi	54	10	9	0	1	1	1	0	1	1	1	0	0	1	1	0	0	1	1	0	0	1	1	1	1	0	0	1	1	0	0	0	0	1	1	1	0	1	1	1	0	1	1	1	1	0	0	1	1	0	0	1	1	1	1	0	0	1	1	0	0	1	1	1	1	0	0	1	1	0	0	1	1	1	1	0	0	1	1	0	0	1	1	1	1	0	0	1	1	0	0	1	1
fft	59	12	9	0	1	1	1	0	1	1	1	0	0	0	0	1	1	0	0	1	1	0	0	1	1	0	0	1	1	0	0	1	1	0	0	1	1	0	0	1	1	1	0	1	1	1	0	1	1	1	1	1	1	0	0	1	1	0	0	1	1	0	0	1	1	0	0	1	1	0	0	1	1	0	0	1	1	0	0	1	1	0	0	1	1	0	0	1	1	0	0	1	1	0	0	1	1	0	0	1	1	0	0	1	1	0	0	0	1	1	1
ffh	71	14	9	0	1	1	1	0	1	1	1	1	1	0	0	0	0	1	1	0	0	1	1	0	0	1	1	0	0	0	0	1	1	0	0	1	1	0	0	1	1	0	0	0	0	1	1	1	0	1	1	1	0	1	1	1	1	1	0	1	1	0	0	1	1	0	0	1	1	0	0	1	1	1	1	0	0	1	1	0	0	1	1	0	0	1	1	1	1	0	0	1	1	0	0	1	1	0	0	1	1	1	1	0	0	1	1	0	0	1	1	0	0	1	1	1	1	0	0	1	1	0	0	1	1	0	0	1	1
ffk	70	14	9	0	1	1	1	0	1	1	1	1	1	0	0	0	0	1	1	0	0	1	1	0	0	1	1	0	0	0	0	1	1	0	0	1	1	0	0	1	1	0	0	0	0	1	1	1	0	1	1	1	0	1	1	0	0	1	1	1	1	0	0	1	1	0	0	1	1	0	1	1	0	1	1	0	0	1	1	0	0	1	1	1	1	0	0	1	1	0	0	1	1	0	0	1	1	1	1	0	0	1	1	0	0	1	1	0	0	1	1	0	1	1	0	1	1	0	0	1	1	0	0	1	1	0	0	1	1
ffl	58	10	9	0	1	1	1	0	1	1	1	1	1	1	1	0	0	1	1	0	0	1	1	1	1	0	0	1	1	0	0	1	1	1	1	1	0	1	1	1	0	1	1	1	1	0	0	1	1	0	0	1	1	1	1	0	0	1	1	0	0	1	1	1	1	0	0	1	1	0	0	1	1	1	1	0	0	1	1	0	0	1	1	1	1	0	0	1	1	0	0	1	1
ffb	72	14	9	0	1	1	1	0	1	1	1	1	1	0	0	0	0	1	1	0	0	1	1	0	0	1	1	0	0	0	0	1	1	0	0	1	1	0	0	1	1	0	0	0	0	1	1	1	0	1	1	1	0	1	1	1	1	1	0	1	1	0	0	1	1	0	0	1	1	0	0	1	1	1	1	0	0	1	1	0	0	1	1	0	0	1	1	1	1	0	0	1	1	0	0	1	1	0	0	1	1	1	1	0	0	1	1	0	0	1	1	0	0	1	1	1	1	0	0	1	1	0	0	1	1	1	1	1	0
ffff	80	16	9	0	1	1	1	0	1	1	1	0	1	1	1	0	1	1	1	1	1	0	0	1	1	0	0	1	1	0	0	1	1	0	0	1	1	0	0	1	1	0	0	1	1	0	0	1	1	0	0	1	1	1	0	1	1	1	0	1	1	1	0	1	1	1	0	1	1	0	0	1	1	0	0	1	1	0	0	1	1	0	0	1	1	0	0	1	1	0	0	1	1	0	0	1	1	0	0	1	1	0	0	1	1	0	0	1	1	0	0	1	1	0	0	1	1	0	0	1	1	0	0	1	1	0	0	1	1	0	0	1	1	0	0	1	1	0	0	1	1	0	0	1	1	0	0
fffi	74	14	9	0	1	1	1	0	1	1	1	0	1	1	1	0	0	1	1	0	0	1	1	0	0	1	1	0	0	1	1	1	1	0	0	1	1	0	0	1	1	0	0	0	0	1	1	1	0	1	1	1	0	1	1	1	0	1	1	1	1	0	0	1	1	0	0	1	1	0	0	1	1	1	1	0	0	1	1	0	0	1	1	0	0	1	1	1	1	0	0	1	1	0	0	1	1	0	0	1	1	1	1	0	0	1	1	0	0	1	1	0	0	1	1	1	1	0	0	1	1	0	0	1	1	0	0	1	1
ffft	79	16	9	0	1	1	1	0	1	1	1	0	1	1	1	0	0	0	0	1	1	0	0	1	1	0	0	1	1	0	0	1	1	0	0	1	1	0	0	1	1	0	0	1	1	0	0	1	1	0	0	1	1	1	0	1	1	1	0	1	1	1	0	1	1	1	1	1	1	0	0	1	1	0	0	1	1	0	0	1	1	0	0	1	1	0	0	1	1	0	0	1	1	0	0	1	1	0	0	1	1	0	0	1	1	0	0	1	1	0	0	1	1	0	0	1	1	0	0	1	1	0	0	1	1	0	0	1	1	0	0	1	1	0	0	1	1	0	0	1	1	0	0	0	1	1	1
fffh	91	18	9	0	1	1	1	0	1	1	1	0	1	1	1	1	1	0	0	0	0	1	1	0	0	1	1	0	0	1	1	0	0	1	1	0	0	0	0	1	1	0	0	1	1	0	0	1	1	0	0	1	1	0	0	0	0	1	1	1	0	1	1	1	0	1	1	1	0	1	1	1	1	1	0	1	1	0	0	1	1	0	0	1	1	0	0	1	1	0	0	1	1	1	1	0	0	1	1	0	0	1	1	0	0	1	1	0	0	1	1	1	1	0	0	1	1	0	0	1	1	0	0	1	1	0	0	1	1	1	1	0	0	1	1	0	0	1	1	0	0	1	1	0	0	1	1	1	1	0	0	1	1	0	0	1	1	0	0	1	1	0	0	1	1
fffk	90	18	9	0	1	1	1	0	1	1	1	0	1	1	1	1	1	0	0	0	0	1	1	0	0	1	1	0	0	1	1	0	0	1	1	0	0	0	0	1	1	0	0	1	1	0	0	1	1	0	0	1	1	0	0	0	0	1	1	1	0	1	1	1	0	1	1	1	0	1	1	0	0	1	1	1	1	0	0	1	1	0	0	1	1	0	0	1	1	0	1	1	0	1	1	0	0	1	1	0	0	1	1	0	0	1	1	1	1	0	0	1	1	0	0	1	1	0	0	1	1	0	0	1	1	1	1	0	0	1	1	0	0	1	1	0	0	1	1	0	0	1	1	0	1	1	0	1	1	0	0	1	1	0	0	1	1	0	0	1	1	0	0	1	1
fffl	78	14	9	0	1	1	1	0	1	1	1	0	1	1	1	1	1	1	1	0	0	1	1	0	0	1	1	0	0	1	1	1	1	0	0	1	1	0	0	1	1	0	0	1	1	1	1	1	0	1	1	1	0	1	1	1	0	1	1	1	1	0	0	1	1	0	0	1	1	0	0	1	1	1	1	0	0	1	1	0	0	1	1	0	0	1	1	1	1	0	0	1	1	0	0	1	1	0	0	1	1	1	1	0	0	1	1	0	0	1	1	0	0	1	1	1	1	0	0	1	1	0	0	1	1	0	0	1	1
fffb	92	18	9	0	1	1	1	0	1	1	1	0	1	1	1	1	1	0	0	0	0	1	1	0	0	1	1	0	0	1	1	0	0	1	1	0	0	0	0	1	1	0	0	1	1	0	0	1	1	0	0	1	1	0	0	0	0	1	1	1	0	1	1	1	0	1	1	1	0	1	1	1	1	1	0	1	1	0	0	1	1	0	0	1	1	0	0	1	1	0	0	1	1	1	1	0	0	1	1	0	0	1	1	0	0	1	1	0	0	1	1	1	1	0	0	1	1	0	0	1	1	0	0	1	1	0	0	1	1	1	1	0	0	1	1	0	0	1	1	0	0	1	1	0	0	1	1	1	1	0	0	1	1	0	0	1	1	0	0	1	1	1	1	1	0
ît	35	8	9	0	1	1	0	0	0	0	0	1	0	0	1	1	1	0	0	0	0	0	0	1	1	0	0	0	1	1	0	1	1	1	1	0	1	1	0	1	1	0	0	0	1	1	0	1	1	0	0	0	1	1	0	1	1	0	0	0	1	1	0	1	1	0	0	0	1	1	0	0	1	1	1
A	33	7	8	0	0	1	1	1	0	0	0	0	1	1	1	0	0	0	1	1	0	1	1	0	0	1	1	0	1	1	0	0	1	1	0	1	1	0	1	1	1	1	1	1	1	1	1	0	0	0	1	1	1	1	0	0	0	1	1
B	35	6	8	1	1	1	1	1	0	1	1	0	0	1	1	1	1	0	0	1	1	1	1	1	1	1	0	1	1	0	0	1	1	1	1	0	0	1	1	1	1	0	0	1	1	1	1	1	1	1	0
C	22	6	8	0	1	1	1	1	1	1	1	0	0	0	0	1	1	0	0	0	0	1	1	0	0	0	0	1	1	0	0	0	0	1	1	0	0	0	0	1	1	0	0	0	0	0	1	1	1	1	1
D	34	7	8	1	1	1	1	1	0	0	1	1	0	0	1	1	0	1	1	0	0	0	1	1	1	1	0	0	0	1	1	1	1	0	0	0	1	1	1	1	0	0	0	1	1	1	1	0	0	1	1	0	1	1	1	1	1	0	0
E	25	5	8	1	1	1	1	1	1	1	0	0	0	1	1	0	0	0	1	1	1	1	1	1	1	0	0	0	1	1	0	0	0	1	1	0	0	0	1	1	1	1	1
F	22	5	8	1	1	1	1	1	1	1	0	0	0	1	1	0	0	0	1	1	1	1	1	1	1	0	0	0	1	1	0	0	0	1	1	0	0	0	1	1	0	0	0
G	31	7	8	0	1	1	1	1	1	1	1	1	0	0	0	0	0	1	1	0	0	0	0	0	1	1	0	0	0	0	0	1	1	0	0	1	1	1	1	1	0	0	0	1	1	1	1	0	0	0	1	1	0	1	1	1	1	1	1
H	35	7	8	1	1	0	0	0	1	1	1	1	0	0	0	1	1	1	1	0	0	0	1	1	1	1	1	1	1	1	1	1	1	0	0	0	1	1	1	1	0	0	0	1	1	1	1	0	0	0	1	1	1	1	0	0	0	1	1
I	20	4	8	1	1	1	1	0	1	1	0	0	1	1	0	0	1	1	0	0	1	1	0	0	1	1	0	0	1	1	0	1	1	1	1
J	20	5	8	0	1	1	1	1	0	0	0	1	1	0	0	0	1	1	0	0	0	1	1	0	0	0	1	1	0	0	0	1	1	0	0	0	1	1	1	1	1	1	0
K	30	6	8	1	1	0	0	1	1	1	1	0	1	1	0	1	1	1	1	0	0	1	1	1	0	0	0	1	1	1	0	0	0	1	1	1	1	0	0	1	1	0	1	1	0	1	1	0	0	1	1
L	19	5	8	1	1	0	0	0	1	1	0	0	0	1	1	0	0	0	1	1	0	0	0	1	1	0	0	0	1	1	0	0	0	1	1	0	0	0	1	1	1	1	1
M	39	9	8	1	1	0	0	0	0	0	1	1	1	1	1	0	0	0	1	1	1	1	1	1	1	0	1	1	1	1	1	0	1	1	1	1	0	1	1	1	0	0	1	1	0	0	1	1	1	0	0	0	0	0	0	1	1	1	0	0	0	0	0	0	1	1	1	0	0	0	0	0	0	1	1
N	28	6	8	1	1	0	0	0	1	1	1	1	0	0	1	1	1	1	1	0	1	1	0	1	1	1	1	1	0	0	1	1	1	1	0	0	0	1	1	1	0	0	0	0	1	1	0	0	0	0	1
O	34	7	8	0	1	1	1	1	1	0	1	1	0	0	0	1	1	1	1	0	0	0	1	1	1	1	0	0	0	1	1	1	1	0	0	0	1	1	1	1	0	0	0	1	1	1	1	0	0	0	1	1	0	1	1	1	1	1	0
P	28	6	8	1	1	1	1	1	0	1	1	0	0	1	1	1	1	0	0	1	1	1	1	0	0	1	1	1	1	1	1	1	0	1	1	0	0	0	0	1	1	0	0	0	0	1	1	0	0	0	0
Q	39	7	10	0	1	1	1	1	1	0	1	1	0	0	0	1	1	1	1	0	0	0	1	1	1	1	0	0	0	1	1	1	1	0	0	0	1	1	1	1	0	0	0	1	1	1	1	0	0	0	1	1	0	1	1	1	1	1	0	0	0	0	1	1	0	0	0	0	0	0	1	1	1
R	34	7	8	1	1	1	1	1	0	0	1	1	0	0	1	1	0	1	1	0	0	1	1	0	1	1	0	0	1	1	0	1	1	1	1	1	0	0	1	1	0	1	1	0	0	1	1	0	0	1	1	0	1	1	0	0	0	1	1
S	28	6	8	0	1	1	1	1	1	1	1	0	0	0	0	1	1	0	0	0	0	1	1	1	1	1	0	0	1	1	1	1	1	0	0	0	0	1	1	0	0	0	0	1	1	1	1	1	1	1	0
T	20	6	8	1	1	1	1	1	1	0	0	1	1	0	0	0	0	1	1	0	0	0	0	1	1	0	0	0	0	1	1	0	0	0	0	1	1	0	0	0	0	1	1	0	0	0	0	1	1	0	0
U	33	7	8	1	1	0	0	0	1	1	1	1	0	0	0	1	1	1	1	0	0	0	1	1	1	1	0	0	0	1	1	1	1	0	0	0	1	1	1	1	0	0	0	1	1	1	1	0	0	0	1	1	0	1	1	1	1	1	0
V	28	6	8	1	1	0	0	1	1	1	1	0	0	1	1	1	1	0	0	1	1	0	1	1	1	1	0	0	1	1	1	1	0	0	1	1	1	1	0	0	0	1	1	0	0	0	0	1	1	0	0
W	46	10	8	1	1	0	0	1	1	0	0	1	1	1	1	0	0	1	1	0	0	1	1	1	1	0	0	1	1	0	0	1	1	0	1	1	0	1	1	0	1	1	0	0	1	1	1	1	1	1	1	1	0	0	1	1	1	0	0	1	1	1	0	0	0	1	1	0	0	1	1	0	0	0	0	1	1	0	0	1	1	0	0
X	28	6	8	1	1	0	0	1	1	1	1	0	0	1	1	0	1	1	1	1	0	0	0	1	1	0	0	0	0	1	1	0	0	0	1	1	1	1	0	1	1	0	0	1	1	1	1	0	0	1	1
Y	24	6	8	1	1	0	0	1	1	1	1	0	0	1	1	0	1	1	1	1	0	0	1	1	1	1	0	0	0	1	1	0	0	0	0	1	1	0	0	0	0	1	1	0	0	0	0	1	1	0	0
Z	28	6	8	1	1	1	1	1	1	0	0	0	0	1	1	0	0	0	1	1	1	0	0	1	1	1	0	0	1	1	1	0	0	1	1	1	0	0	0	1	1	0	0	0	0	1	1	1	1	1	1
a	24	6	6	0	1	1	1	1	0	0	0	0	0	1	1	0	1	1	1	1	1	1	1	0	0	1	1	1	1	0	0	1	1	0	1	1	1	1	1
b	32	6	9	1	1	0	0	0	0	1	1	0	0	0	0	1	1	0	0	0	0	1	1	1	1	1	0	1	1	0	0	1	1	1	1	0	0	1	1	1	1	0	0	1	1	1	1	0	0	1	1	1	1	1	1	1	0
c	16	5	6	0	1	1	1	1	1	1	0	0	0	1	1	0	0	0	1	1	0	0	0	1	1	0	0	0	0	1	1	1	1
d	32	6	9	0	0	0	0	1	1	0	0	0	0	1	1	0	0	0	0	1	1	0	1	1	1	1	1	1	1	0	0	1	1	1	1	0	0	1	1	1	1	0	0	1	1	1	1	0	0	1	1	0	1	1	1	1	1
e	23	6	6	0	1	1	1	1	0	1	1	0	0	1	1	1	1	1	1	1	1	1	1	0	0	0	0	1	1	0	0	0	0	0	1	1	1	1	1
f	20	4	9	0	1	1	1	1	1	0	0	1	1	0	0	1	1	1	0	1	1	0	0	1	1	0	0	1	1	0	0	1	1	0	0	1	1	0	0
g	32	6	8	0	1	1	1	1	1	1	1	0	0	1	1	1	1	0	0	1	1	1	1	0	0	1	1	1	1	0	0	1	1	0	1	1	1	1	1	0	0	0	0	1	1	0	1	1	1	1	0
h	31	6	9	1	1	0	0	0	0	1	1	0	0	0	0	1	1	0	0	0	0	1	1	1	1	1	0	1	1	0	0	1	1	1	1	0	0	1	1	1	1	0	0	1	1	1	1	0	0	1	1	1	1	0	0	1	1
i	14	2	8	1	1	0	0	1	1	1	1	1	1	1	1	1	1	1	1
j	19	3	10	0	1	1	0	0	0	1	1	1	0	1	1	0	1	1	0	1	1	0	1	1	0	1	1	0	1	1	1	1	0
k	30	6	9	1	1	0	0	0	0	1	1	0	0	0	0	1	1	0	0	0	0	1	1	0	0	1	1	1	1	0	1	1	0	1	1	1	1	0	0	1	1	1	1	0	0	1	1	0	1	1	0	1	1	0	0	1	1
l	18	2	9	1	1	1	1	1	1	1	1	1	1	1	1	1	1	1	1	1	1
m	38	10	6	1	1	1	1	1	0	1	1	1	0	1	1	0	0	1	1	0	0	1	1	1	1	0	0	1	1	0	0	1	1	1	1	0	0	1	1	0	0	1	1	1	1	0	0	1	1	0	0	1	1	1	1	0	0	1	1	0	0	1	1
n	25	6	6	1	1	1	1	1	0	1	1	0	0	1	1	1	1	0	0	1	1	1	1	0	0	1	1	1	1	0	0	1	1	1	1	0	0	1	1
o	24	6	6	0	1	1	1	1	0	1	1	0	0	1	1	1	1	0	0	1	1	1	1	0	0	1	1	1	1	0	0	1	1	0	1	1	1	1	0
p	30	6	8	1	1	1	1	1	0	1	1	0	0	1	1	1	1	0	0	1	1	1	1	0	0	1	1	1	1	0	0	1	1	1	1	1	1	1	0	1	1	0	0	0	0	1	1	0	0	0	0
q	30	6	8	0	1	1	1	1	1	1	1	0	0	1	1	1	1	0	0	1	1	1	1	0	0	1	1	1	1	0	0	1	1	0	1	1	1	1	1	0	0	0	0	1	1	0	0	0	0	1	1
r	15	4	6	1	1	0	1	1	1	1	1	1	1	0	0	1	1	0	0	1	1	0	0	1	1	0	0
s	20	5	6	0	1	1	1	1	1	1	0	0	0	1	1	1	1	0	0	1	1	1	1	0	0	0	1	1	1	1	1	1	0
t	19	4	8	1	1	0	0	1	1	0	0	1	1	1	1	1	1	0	0	1	1	0	0	1	1	0	0	1	1	0	0	0	1	1	1
u	25	6	6	1	1	0	0	1	1	1	1	0	0	1	1	1	1	0	0	1	1	1	1	0	0	1	1	1	1	0	0	1	1	0	1	1	1	1	1
v	20	6	6	1	1	0	0	1	1	1	1	0	0	1	1	0	1	1	1	1	0	0	1	1	1	1	0	0	0	1	1	0	0	0	0	1	1	0	0
w	34	8	6	1	1	0	1	1	0	1	1	1	1	0	1	1	0	1	1	1	1	0	1	1	0	1	1	1	1	1	1	1	1	1	1	0	1	1	0	0	1	1	0	0	1	1	0	0	1	1	0
x	24	6	6	1	1	0	0	1	1	1	1	0	0	1	1	0	1	1	1	1	0	0	1	1	1	1	0	1	1	0	0	1	1	1	1	0	0	1	1
y	24	6	8	1	1	0	0	1	1	1	1	0	0	1	1	0	1	1	1	1	0	0	1	1	1	1	0	0	0	1	1	0	0	0	0	1	1	0	0	0	1	1	0	0	0	0	1	1	0	0	0
z	18	5	6	1	1	1	1	1	0	0	0	1	1	0	0	1	1	0	0	1	1	0	0	1	1	0	0	0	1	1	1	1	1
\\	11	5	11	1	0	0	0	0	1	0	0	0	0	0	1	0	0	0	0	1	0	0	0	0	0	1	0	0	0	0	1	0	0	0	0	1	0	0	0	0	0	1	0	0	0	0	1	0	0	0	0	0	1	0	0	0	0	1
/	11	5	11	0	0	0	0	1	0	0	0	0	1	0	0	0	1	0	0	0	0	1	0	0	0	1	0	0	0	0	1	0	0	0	0	1	0	0	0	1	0	0	0	0	1	0	0	0	1	0	0	0	0	1	0	0	0	0
:	8	2	6	1	1	1	1	0	0	0	0	1	1	1	1
*	16	6	5	0	0	1	1	0	0	1	0	1	1	0	1	0	1	1	1	1	0	1	0	1	1	0	1	0	0	1	1	0	0
<	13	7	7	0	0	0	0	0	1	1	0	0	0	1	1	0	0	0	1	1	0	0	0	0	1	0	0	0	0	0	0	0	1	1	0	0	0	0	0	0	0	1	1	0	0	0	0	0	0	0	1	1
>	13	7	7	1	1	0	0	0	0	0	0	0	1	1	0	0	0	0	0	0	0	1	1	0	0	0	0	0	0	0	1	0	0	0	0	1	1	0	0	0	1	1	0	0	0	1	1	0	0	0	0	0
&	35	8	8	0	1	1	1	0	0	0	0	1	1	0	1	1	0	0	0	1	1	0	1	1	0	0	0	0	1	1	1	0	0	1	1	1	1	0	1	1	0	1	0	1	1	0	0	1	1	0	0	1	1	0	0	0	1	1	0	0	1	1	1	1	0	1	1
~	12	8	3	0	1	1	1	0	0	0	1	1	0	0	1	1	0	0	1	1	0	0	0	1	1	1	0
'	6	2	3	1	1	1	1	1	1
`	4	3	2	1	1	0	0	1	1
(	22	4	11	0	0	1	1	0	1	1	0	0	1	1	0	1	1	0	0	1	1	0	0	1	1	0	0	1	1	0	0	1	1	0	0	0	1	1	0	0	1	1	0	0	0	1	1
[	26	4	11	1	1	1	1	1	1	0	0	1	1	0	0	1	1	0	0	1	1	0	0	1	1	0	0	1	1	0	0	1	1	0	0	1	1	0	0	1	1	0	0	1	1	1	1
-	4	4	1	1	1	1	1
_	7	7	1	1	1	1	1	1	1	1
ç	19	5	8	0	1	1	1	1	1	1	0	0	0	1	1	0	0	0	1	1	0	0	0	1	1	0	0	0	0	1	1	1	1	0	0	0	1	0	0	1	1	0	0
@	42	9	9	0	0	1	1	1	1	1	0	0	0	1	0	0	0	0	0	1	0	1	0	0	1	1	1	1	0	1	1	0	1	1	0	1	1	0	1	1	0	1	1	0	1	1	0	1	1	0	1	1	0	1	1	0	1	1	0	0	1	1	0	1	1	0	0	1	0	0	0	0	0	0	0	0	0	1	1	1	1	1	0	0
)	22	4	11	1	1	0	0	0	1	1	0	0	1	1	0	0	0	1	1	0	0	1	1	0	0	1	1	0	0	1	1	0	0	1	1	0	1	1	0	0	1	1	0	1	1	0	0
]	26	4	11	1	1	1	1	0	0	1	1	0	0	1	1	0	0	1	1	0	0	1	1	0	0	1	1	0	0	1	1	0	0	1	1	0	0	1	1	0	0	1	1	1	1	1	1
°	8	4	4	0	1	1	0	1	0	0	1	1	0	0	1	0	1	1	0
=	14	7	4	1	1	1	1	1	1	1	0	0	0	0	0	0	0	0	0	0	0	0	0	0	1	1	1	1	1	1	1
}	25	6	11	1	1	1	0	0	0	0	0	1	1	0	0	0	0	1	1	0	0	0	0	1	1	0	0	0	0	1	1	0	0	0	0	0	1	1	1	0	0	1	1	0	0	0	0	1	1	0	0	0	0	1	1	0	0	0	0	1	1	0	0	1	1	1	0	0	0
£	25	6	8	0	0	1	1	1	0	0	1	1	0	0	1	0	1	1	0	0	0	0	1	1	0	0	0	1	1	1	1	1	0	0	1	1	0	0	0	0	1	1	0	0	0	1	1	1	1	1	1
$	30	6	11	0	0	0	1	0	0	0	0	0	1	0	0	0	1	1	1	1	0	1	1	0	1	0	1	1	1	0	1	0	0	0	1	1	1	1	0	0	0	1	0	1	1	1	0	1	0	1	1	0	1	1	1	1	0	0	0	1	0	0	0	0	0	1	0	0	0
¤	16	6	6	1	0	0	0	0	1	0	1	1	1	1	0	0	1	0	0	1	0	0	1	0	0	1	0	0	1	1	1	1	0	1	0	0	0	0	1
µ	30	6	8	1	1	0	0	1	1	1	1	0	0	1	1	1	1	0	0	1	1	1	1	0	0	1	1	1	1	0	0	1	1	1	1	1	1	1	1	1	1	0	0	0	0	1	1	0	0	0	0
%	44	12	8	0	1	1	1	0	0	0	1	0	0	0	0	1	1	0	1	1	0	0	1	0	0	0	0	1	1	0	1	1	0	1	0	0	0	0	0	1	1	0	1	1	0	1	0	1	1	1	0	0	1	1	1	0	1	0	1	1	0	1	1	0	0	0	0	0	1	0	1	1	0	1	1	0	0	0	0	1	0	0	1	1	0	1	1	0	0	0	0	1	0	0	0	1	1	1	0
§	34	6	10	0	1	1	1	1	0	1	1	0	0	0	1	1	1	0	0	0	0	0	1	1	1	1	0	1	1	0	0	1	1	1	1	0	0	1	1	0	1	1	1	1	0	0	0	0	0	1	1	1	0	0	0	1	1	0	1	1	1	1	0
!	14	2	8	1	1	1	1	1	1	1	1	1	1	1	1	0	0	1	1
;	11	2	8	1	1	1	1	0	0	0	0	1	1	1	1	1	1	1	0
.	4	2	2	1	1	1	1
,	7	2	4	1	1	1	1	1	1	1	0
+	13	7	7	0	0	0	1	0	0	0	0	0	0	1	0	0	0	0	0	0	1	0	0	0	1	1	1	1	1	1	1	0	0	0	1	0	0	0	0	0	0	1	0	0	0	0	0	0	1	0	0	0
€	29	7	8	0	0	1	1	1	1	1	0	1	1	0	0	0	0	1	1	1	1	1	1	0	0	1	1	0	0	0	0	1	1	1	1	1	1	0	0	1	1	0	0	0	0	0	0	1	1	0	0	0	0	0	0	1	1	1	1
#	38	8	9	0	0	0	1	0	0	1	0	0	0	0	1	0	0	1	0	0	1	1	1	1	1	1	1	0	1	1	1	1	1	1	1	0	0	1	0	0	1	0	0	1	1	1	1	1	1	1	0	1	1	1	1	1	1	1	0	0	1	0	0	1	0	0	0	0	1	0	0	1	0	0	0
Й	36	7	11	0	1	0	0	0	1	0	0	0	1	1	1	0	0	0	0	0	0	0	0	0	1	0	0	0	0	1	1	1	0	0	0	1	1	1	1	0	0	1	1	1	1	1	0	1	1	1	0	1	1	1	1	1	0	0	1	1	1	1	0	0	0	1	1	1	0	0	0	0	1	1	0	0	0	0	0	1
Ц	40	8	10	1	1	0	0	0	1	1	0	1	1	0	0	0	1	1	0	1	1	0	0	0	1	1	0	1	1	0	0	0	1	1	0	1	1	0	0	0	1	1	0	1	1	0	0	0	1	1	0	1	1	0	0	0	1	1	0	1	1	1	1	1	1	1	1	0	0	0	0	0	0	1	1	0	0	0	0	0	0	1	1
У	26	7	8	1	1	0	0	0	1	1	1	1	0	0	0	1	1	0	1	1	0	1	1	0	0	1	1	0	1	1	0	0	0	1	1	1	0	0	0	0	0	1	1	0	0	0	1	1	1	0	0	0	0	1	1	0	0	0	0
К	32	6	8	1	1	0	0	1	1	1	1	0	1	1	0	1	1	0	1	1	0	1	1	1	1	0	0	1	1	1	1	0	0	1	1	0	1	1	0	1	1	0	1	1	0	1	1	0	0	1	1
Г	19	5	8	1	1	1	1	1	1	1	0	0	0	1	1	0	0	0	1	1	0	0	0	1	1	0	0	0	1	1	0	0	0	1	1	0	0	0	1	1	0	0	0
Ш	52	10	8	1	1	0	0	1	1	0	0	1	1	1	1	0	0	1	1	0	0	1	1	1	1	0	0	1	1	0	0	1	1	1	1	0	0	1	1	0	0	1	1	1	1	0	0	1	1	0	0	1	1	1	1	0	0	1	1	0	0	1	1	1	1	0	0	1	1	0	0	1	1	1	1	1	1	1	1	1	1	1	1
Щ	57	11	10	1	1	0	0	1	1	0	0	1	1	0	1	1	0	0	1	1	0	0	1	1	0	1	1	0	0	1	1	0	0	1	1	0	1	1	0	0	1	1	0	0	1	1	0	1	1	0	0	1	1	0	0	1	1	0	1	1	0	0	1	1	0	0	1	1	0	1	1	0	0	1	1	0	0	1	1	0	1	1	1	1	1	1	1	1	1	1	1	0	0	0	0	0	0	0	0	0	1	1	0	0	0	0	0	0	0	0	0	1	1
З	24	6	8	1	1	1	1	1	0	0	0	0	0	1	1	0	0	0	0	1	1	0	1	1	1	1	0	0	0	0	0	1	1	0	0	0	0	1	1	0	0	0	0	1	1	1	1	1	1	1	0
Ъ	30	8	8	1	1	1	1	0	0	0	0	0	0	1	1	0	0	0	0	0	0	1	1	0	0	0	0	0	0	1	1	1	1	1	0	0	0	1	1	0	0	1	1	0	0	1	1	0	0	1	1	0	0	1	1	0	0	1	1	0	0	1	1	1	1	1	0
Ф	40	8	8	0	0	0	1	1	0	0	0	0	1	1	1	1	1	1	0	1	1	0	1	1	0	1	1	1	1	0	1	1	0	1	1	1	1	0	1	1	0	1	1	1	1	0	1	1	0	1	1	0	1	1	1	1	1	1	0	0	0	0	1	1	0	0	0
\x2	16	2	8	1	1	1	1	1	1	1	1	1	1	1	1	1	1	1	1
П	35	7	8	1	1	1	1	1	1	1	1	1	0	0	0	1	1	1	1	0	0	0	1	1	1	1	0	0	0	1	1	1	1	0	0	0	1	1	1	1	0	0	0	1	1	1	1	0	0	0	1	1	1	1	0	0	0	1	1
Л	34	7	8	0	1	1	1	1	1	1	0	1	1	0	0	1	1	0	1	1	0	0	1	1	0	1	1	0	0	1	1	0	1	1	0	0	1	1	0	1	1	0	0	1	1	0	1	1	0	0	1	1	1	1	0	0	0	1	1
Д	47	9	10	0	0	1	1	1	1	1	1	0	0	0	1	1	0	0	1	1	0	0	0	1	1	0	0	1	1	0	0	0	1	1	0	0	1	1	0	0	0	1	1	0	0	1	1	0	0	1	1	0	0	0	1	1	0	0	1	1	0	0	0	1	1	0	1	1	1	1	1	1	1	1	1	1	1	0	0	0	0	0	1	1	1	1	0	0	0	0	0	1	1
Ж	48	10	8	1	1	0	0	1	1	0	0	1	1	0	1	1	0	1	1	0	1	1	0	0	1	1	0	1	1	0	1	1	0	0	0	1	1	1	1	1	1	0	0	0	0	1	1	1	1	1	1	0	0	0	1	1	0	1	1	0	1	1	0	0	1	1	0	1	1	0	1	1	0	1	1	0	0	1	1	0	0	1	1
Э	25	6	8	1	1	1	1	1	0	0	0	0	0	1	1	0	0	0	0	1	1	0	1	1	1	1	1	0	0	0	0	1	1	0	0	0	0	1	1	0	0	0	0	1	1	1	1	1	1	1	0
Я	34	7	8	0	0	1	1	1	1	1	0	1	1	0	0	1	1	0	1	1	0	0	1	1	0	1	1	0	0	1	1	0	0	1	1	1	1	1	0	0	1	1	0	1	1	0	1	1	0	0	1	1	1	1	0	0	0	1	1
Ч	28	7	8	1	1	0	0	0	1	1	1	1	0	0	0	1	1	1	1	0	0	0	1	1	1	1	0	0	0	1	1	0	1	1	1	1	1	1	0	0	0	0	0	1	1	0	0	0	0	0	1	1	0	0	0	0	0	1	1
И	31	7	8	1	0	0	0	0	1	1	1	0	0	0	1	1	1	1	0	0	1	1	1	1	1	0	1	1	1	0	1	1	1	1	1	0	0	1	1	1	1	0	0	0	1	1	1	0	0	0	0	1	1	0	0	0	0	0	1
Ь	28	6	8	1	1	0	0	0	0	1	1	0	0	0	0	1	1	0	0	0	0	1	1	1	1	1	0	1	1	0	0	1	1	1	1	0	0	1	1	1	1	0	0	1	1	1	1	1	1	1	0
Б	31	6	8	1	1	1	1	1	0	1	1	0	0	0	0	1	1	0	0	0	0	1	1	1	1	1	0	1	1	0	0	1	1	1	1	0	0	1	1	1	1	0	0	1	1	1	1	1	1	1	0
Ю	52	11	8	1	1	0	0	0	1	1	1	1	1	0	1	1	0	0	1	1	0	0	0	1	1	1	1	0	0	1	1	0	0	0	1	1	1	1	1	1	1	1	0	0	0	1	1	1	1	0	0	1	1	0	0	0	1	1	1	1	0	0	1	1	0	0	0	1	1	1	1	0	0	1	1	0	0	0	1	1	1	1	0	0	0	1	1	1	1	1	0
й	23	5	9	1	0	0	0	1	0	1	1	1	0	0	0	0	0	0	1	0	0	0	1	1	0	0	1	1	1	0	1	1	1	1	1	1	0	1	1	1	0	0	1	1	0	0	0	1
ц	31	7	8	1	1	0	0	1	1	0	1	1	0	0	1	1	0	1	1	0	0	1	1	0	1	1	0	0	1	1	0	1	1	0	0	1	1	0	1	1	1	1	1	1	1	0	0	0	0	0	1	1	0	0	0	0	0	1	1
к	24	6	6	1	1	0	0	1	1	1	1	0	1	1	0	1	1	1	1	0	0	1	1	0	1	1	0	1	1	0	1	1	0	1	1	0	0	1	1
н	26	6	6	1	1	0	0	1	1	1	1	0	0	1	1	1	1	1	1	1	1	1	1	0	0	1	1	1	1	0	0	1	1	1	1	0	0	1	1
г	15	5	6	1	1	1	1	1	1	1	0	0	0	1	1	0	0	0	1	1	0	0	0	1	1	0	0	0	1	1	0	0	0
ш	38	8	6	1	1	0	1	1	0	1	1	1	1	0	1	1	0	1	1	1	1	0	1	1	0	1	1	1	1	0	1	1	0	1	1	1	1	0	1	1	0	1	1	1	1	1	1	1	1	1	1
щ	43	9	8	1	1	0	1	1	0	1	1	0	1	1	0	1	1	0	1	1	0	1	1	0	1	1	0	1	1	0	1	1	0	1	1	0	1	1	0	1	1	0	1	1	0	1	1	0	1	1	1	1	1	1	1	1	1	0	0	0	0	0	0	0	1	1	0	0	0	0	0	0	0	1	1
з	17	5	6	1	1	1	1	0	0	0	0	1	1	0	1	1	1	0	0	0	0	1	1	0	0	0	1	1	1	1	1	1	0
ъ	24	8	6	1	1	1	1	0	0	0	0	0	0	1	1	0	0	0	0	0	0	1	1	1	1	1	0	0	0	1	1	0	0	1	1	0	0	1	1	0	0	1	1	0	0	1	1	1	1	1	0
ф	46	8	11	0	0	0	1	1	0	0	0	0	0	0	1	1	0	0	0	0	0	0	1	1	0	0	0	0	1	1	1	1	1	1	0	1	1	0	1	1	0	1	1	1	1	0	1	1	0	1	1	1	1	0	1	1	0	1	1	1	1	0	1	1	0	1	1	0	1	1	1	1	1	1	0	0	0	0	1	1	0	0	0	0	0	0	1	1	0	0	0
\x1	12	2	6	1	1	1	1	1	1	1	1	1	1	1	1
в	27	6	6	1	1	1	1	1	0	1	1	0	0	1	1	1	1	1	1	1	0	1	1	0	0	1	1	1	1	0	0	1	1	1	1	1	1	1	0
п	26	6	6	1	1	1	1	1	1	1	1	0	0	1	1	1	1	0	0	1	1	1	1	0	0	1	1	1	1	0	0	1	1	1	1	0	0	1	1
л	25	6	6	0	1	1	1	1	1	0	1	1	0	1	1	0	1	1	0	1	1	0	1	1	0	1	1	0	1	1	0	1	1	1	1	0	0	1	1
д	37	8	8	0	0	1	1	1	1	1	0	0	0	1	1	0	1	1	0	0	0	1	1	0	1	1	0	0	0	1	1	0	1	1	0	0	1	1	0	0	1	1	0	1	1	1	1	1	1	1	1	1	1	0	0	0	0	1	1	1	1	0	0	0	0	1	1
ж	36	10	6	1	1	0	0	1	1	0	0	1	1	0	1	1	0	1	1	0	1	1	0	0	1	1	0	1	1	0	1	1	0	0	0	1	1	1	1	1	1	0	0	0	1	1	0	1	1	0	1	1	0	1	1	0	0	1	1	0	0	1	1
э	18	5	6	1	1	1	1	0	0	0	0	1	1	0	1	1	1	1	0	0	0	1	1	0	0	0	1	1	1	1	1	1	0
я	26	6	6	0	1	1	1	1	1	1	1	0	0	1	1	1	1	0	0	1	1	0	1	1	1	1	1	0	1	1	0	1	1	1	1	0	0	1	1
ч	21	6	6	1	1	0	0	1	1	1	1	0	0	1	1	1	1	0	0	1	1	0	1	1	1	1	1	0	0	0	0	1	1	0	0	0	0	1	1
м	30	7	6	1	1	0	0	0	1	1	1	1	1	0	1	1	1	1	1	1	0	1	1	1	1	1	0	1	0	1	1	1	1	0	1	0	1	1	1	1	0	0	0	1	1
и	18	5	6	1	0	0	0	1	1	0	0	1	1	1	0	1	1	1	1	1	1	0	1	1	1	0	0	1	1	0	0	0	1
т	16	6	6	1	1	1	1	1	1	0	0	1	1	0	0	0	0	1	1	0	0	0	0	1	1	0	0	0	0	1	1	0	0	0	0	1	1	0	0
ь	22	6	6	1	1	0	0	0	0	1	1	0	0	0	0	1	1	1	1	1	0	1	1	0	0	1	1	1	1	0	0	1	1	1	1	1	1	1	0
б	33	6	9	0	0	1	1	1	1	0	1	1	0	0	0	1	1	0	0	0	0	1	1	1	1	1	0	1	1	0	0	1	1	1	1	0	0	1	1	1	1	0	0	1	1	1	1	0	0	1	1	0	1	1	1	1	0
ю	38	10	6	1	1	0	0	0	1	1	1	1	0	1	1	0	0	1	1	0	0	1	1	1	1	1	1	1	1	0	0	1	1	1	1	0	0	1	1	0	0	1	1	1	1	0	0	1	1	0	0	1	1	1	1	0	0	0	1	1	1	1	0
—	10	10	1	1	1	1	1	1	1	1	1	1	1
