1	15	5	9	0	0	1	0	0	1	1	1	0	0	0	0	1	0	0	0	0	1	0	0	0	0	1	0	0	0	0	1	0	0	0	0	1	0	0	0	0	1	0	0	1	1	1	1	1
2	14	4	9	1	1	1	0	0	0	0	1	0	0	0	1	0	0	0	1	0	0	1	0	0	0	1	0	0	1	0	0	1	0	0	0	1	1	1	1
3	14	4	9	1	1	1	0	0	0	0	1	0	0	0	1	0	0	0	1	0	1	1	0	0	0	0	1	0	0	0	1	0	0	0	1	1	1	1	0
4	18	5	9	0	0	0	1	0	0	0	1	1	0	0	0	1	1	0	0	1	0	1	0	0	1	0	1	0	1	0	0	1	0	1	1	1	1	1	0	0	0	1	0	0	0	0	1	0
5	16	4	9	1	1	1	1	1	0	0	0	1	0	0	0	1	1	1	0	0	0	0	1	0	0	0	1	0	0	0	1	0	0	0	1	1	1	1	0
6	17	4	9	0	0	1	1	0	1	0	0	1	0	0	0	1	1	1	0	1	0	0	1	1	0	0	1	1	0	0	1	1	0	0	1	0	1	1	0
7	12	4	9	1	1	1	1	0	0	0	1	0	0	1	0	0	0	1	0	0	0	1	0	0	0	1	0	0	1	0	0	0	1	0	0	0	1	0	0
8	18	4	9	0	1	1	0	1	0	0	1	1	0	0	1	1	0	0	1	0	1	1	0	1	0	0	1	1	0	0	1	1	0	0	1	0	1	1	0
9	18	4	9	0	1	1	0	1	0	0	1	1	0	0	1	1	0	0	1	1	0	0	1	0	1	1	1	0	0	0	1	0	0	0	1	1	1	1	0
0	18	4	9	0	1	1	0	1	0	0	1	1	0	0	1	1	0	0	1	1	0	0	1	1	0	0	1	1	0	0	1	1	0	0	1	0	1	1	0
(	11	3	11	0	0	1	0	1	0	0	1	0	1	0	0	1	0	0	1	0	0	1	0	0	1	0	0	0	1	0	0	1	0	0	0	1
[	13	2	11	1	1	1	0	1	0	1	0	1	0	1	0	1	0	1	0	1	0	1	0	1	1
-	3	3	1	1	1	1
_	5	5	1	1	1	1	1	1
]	13	2	11	1	1	0	1	0	1	0	1	0	1	0	1	0	1	0	1	0	1	0	1	1	1
)	11	3	11	1	0	0	0	1	0	0	1	0	0	0	1	0	0	1	0	0	1	0	0	1	0	0	1	0	1	0	0	1	0	1	0	0
.	2	1	2	1	1
;	5	2	8	0	1	0	1	0	0	0	0	0	0	0	1	0	1	1	0
'	3	1	3	1	1	1
#	26	7	8	0	0	1	0	0	1	0	0	0	1	0	0	1	0	1	1	1	1	1	1	1	0	1	0	0	1	0	0	0	1	0	0	1	0	0	1	1	1	1	1	1	1	0	1	0	0	1	0	0	0	1	0	0	1	0	0
@	40	9	10	0	0	0	1	1	1	1	0	0	0	1	1	0	0	0	0	1	0	0	1	0	1	1	1	0	0	1	1	0	1	0	0	1	0	0	1	1	0	1	0	0	1	0	0	1	1	0	1	0	0	1	0	0	1	1	0	1	0	0	1	0	0	1	1	0	0	1	1	1	1	1	0	0	1	0	0	0	0	0	0	0	0	0	1	1	1	1	1	0	0
$	25	5	11	0	0	1	0	0	0	1	1	1	0	1	0	1	0	1	1	0	1	0	0	1	0	1	0	0	0	1	1	1	0	0	0	1	0	1	0	0	1	0	1	1	0	1	0	1	0	1	1	1	0	0	0	1	0	0
~	6	6	2	0	1	1	0	0	1	1	0	0	1	1	0
%	26	10	9	0	1	1	0	0	0	0	0	1	0	1	0	0	1	0	0	0	1	0	0	1	0	0	1	0	0	1	0	0	0	0	1	1	0	0	1	0	0	0	0	0	0	0	0	1	1	0	0	0	0	0	0	0	0	1	0	0	1	1	0	0	0	0	1	0	0	1	0	0	1	0	0	1	0	0	0	1	0	0	1	0	1	0	0	0	0	0	1	1	0
—	12	12	1	1	1	1	1	1	1	1	1	1	1	1	1
!	8	1	9	1	1	1	1	1	1	0	1	1
*	9	5	4	0	0	1	0	0	1	0	1	0	1	0	1	1	1	0	0	1	0	1	0
:	4	1	6	1	1	0	0	1	1
,	3	2	3	0	1	0	1	1	0
A	22	8	9	0	0	0	1	1	0	0	0	0	0	0	1	1	0	0	0	0	0	1	0	0	1	0	0	0	0	1	0	0	1	0	0	0	0	1	0	0	1	0	0	0	1	0	0	0	0	1	0	0	1	1	1	1	1	1	0	1	0	0	0	0	0	0	1	1	0	0	0	0	0	0	1
Б	21	5	9	1	1	1	1	0	1	0	0	0	0	1	0	0	0	0	1	0	0	0	0	1	1	1	1	0	1	0	0	0	1	1	0	0	0	1	1	0	0	0	1	1	1	1	1	0
В	24	5	9	1	1	1	1	0	1	0	0	0	1	1	0	0	0	1	1	0	0	0	1	1	1	1	1	0	1	0	0	0	1	1	0	0	0	1	1	0	0	0	1	1	1	1	1	0
Г	13	5	9	1	1	1	1	1	1	0	0	0	0	1	0	0	0	0	1	0	0	0	0	1	0	0	0	0	1	0	0	0	0	1	0	0	0	0	1	0	0	0	0	1	0	0	0	0
Д	30	8	11	0	0	0	1	1	1	1	0	0	0	0	1	0	0	1	0	0	0	0	1	0	0	1	0	0	0	1	0	0	0	1	0	0	0	1	0	0	0	1	0	0	0	1	0	0	0	1	0	0	0	1	0	0	0	1	0	0	1	0	0	0	0	1	0	1	1	1	1	1	1	1	1	1	0	0	0	0	0	0	1	1	0	0	0	0	0	0	1
E	18	4	9	1	1	1	1	1	0	0	0	1	0	0	0	1	0	0	0	1	1	1	1	1	0	0	0	1	0	0	0	1	0	0	0	1	1	1	1
Ё	20	4	11	0	1	0	1	0	0	0	0	1	1	1	1	1	0	0	0	1	0	0	0	1	0	0	0	1	1	1	1	1	0	0	0	1	0	0	0	1	0	0	0	1	1	1	1
Ж	27	11	9	1	0	0	0	0	1	0	0	0	0	1	0	1	0	0	0	1	0	0	0	1	0	0	0	1	0	0	1	0	0	1	0	0	0	0	0	1	0	1	0	1	0	0	0	0	0	0	0	1	1	1	0	0	0	0	0	0	0	1	0	1	0	1	0	0	0	0	0	1	0	0	1	0	0	1	0	0	0	1	0	0	0	1	0	0	0	1	0	1	0	0	0	0	1	0	0	0	0	1
З	17	5	9	0	1	1	1	0	1	0	0	0	1	0	0	0	0	1	0	0	0	0	1	0	1	1	1	0	0	0	0	0	1	0	0	0	0	1	1	0	0	0	1	0	1	1	1	0
И	27	7	9	1	0	0	0	0	1	1	1	0	0	0	0	1	1	1	0	0	0	1	0	1	1	0	0	0	1	0	1	1	0	0	1	0	0	1	1	0	1	0	0	0	1	1	0	1	0	0	0	1	1	1	0	0	0	0	1	1	1	0	0	0	0	1
Й	31	7	12	0	0	1	0	0	1	0	0	0	0	1	1	0	0	0	0	0	0	0	0	0	1	0	0	0	0	1	1	1	0	0	0	0	1	1	1	0	0	0	1	0	1	1	0	0	0	1	0	1	1	0	0	1	0	0	1	1	0	1	0	0	0	1	1	0	1	0	0	0	1	1	1	0	0	0	0	1	1	1	0	0	0	0	1
I	13	3	9	1	1	1	0	1	0	0	1	0	0	1	0	0	1	0	0	1	0	0	1	0	0	1	0	1	1	1
K	18	6	9	1	0	0	0	0	1	1	0	0	0	1	0	1	0	0	1	0	0	1	0	1	0	0	0	1	1	0	0	0	0	1	0	1	0	0	0	1	0	0	1	0	0	1	0	0	0	1	0	1	0	0	0	0	1
Л	21	7	9	0	0	0	1	1	1	1	0	0	0	1	0	0	1	0	0	0	1	0	0	1	0	0	1	0	0	0	1	0	0	1	0	0	0	1	0	0	1	0	0	0	1	0	0	1	0	0	0	1	0	0	1	0	0	0	1	1	1	0	0	0	0	1
M	32	9	9	1	0	0	0	0	0	0	0	1	1	1	0	0	0	0	0	1	1	1	1	0	0	0	0	0	1	1	1	0	1	0	0	0	1	0	1	1	0	1	0	0	0	1	0	1	1	0	0	1	0	1	0	0	1	1	0	0	1	0	1	0	0	1	1	0	0	0	1	0	0	0	1	1	0	0	0	1	0	0	0	1
H	23	7	9	1	0	0	0	0	0	1	1	0	0	0	0	0	1	1	0	0	0	0	0	1	1	0	0	0	0	0	1	1	1	1	1	1	1	1	1	0	0	0	0	0	1	1	0	0	0	0	0	1	1	0	0	0	0	0	1	1	0	0	0	0	0	1
O	20	7	9	0	0	1	1	1	0	0	0	1	0	0	0	1	0	1	0	0	0	0	0	1	1	0	0	0	0	0	1	1	0	0	0	0	0	1	1	0	0	0	0	0	1	1	0	0	0	0	0	1	0	1	0	0	0	1	0	0	0	1	1	1	0	0
П	23	7	9	1	1	1	1	1	1	1	1	0	0	0	0	0	1	1	0	0	0	0	0	1	1	0	0	0	0	0	1	1	0	0	0	0	0	1	1	0	0	0	0	0	1	1	0	0	0	0	0	1	1	0	0	0	0	0	1	1	0	0	0	0	0	1
P	19	5	9	1	1	1	1	0	1	0	0	0	1	1	0	0	0	1	1	0	0	0	1	1	0	0	0	1	1	1	1	1	0	1	0	0	0	0	1	0	0	0	0	1	0	0	0	0
C	15	6	9	0	0	1	1	1	0	0	1	0	0	0	1	1	0	0	0	0	0	1	0	0	0	0	0	1	0	0	0	0	0	1	0	0	0	0	0	1	0	0	0	0	0	0	1	0	0	0	1	0	0	1	1	1	0
T	15	7	9	1	1	1	1	1	1	1	0	0	0	1	0	0	0	0	0	0	1	0	0	0	0	0	0	1	0	0	0	0	0	0	1	0	0	0	0	0	0	1	0	0	0	0	0	0	1	0	0	0	0	0	0	1	0	0	0	0	0	0	1	0	0	0
У	15	7	9	1	0	0	0	0	0	1	0	1	0	0	0	1	0	0	1	0	0	0	1	0	0	0	1	0	1	0	0	0	0	1	0	1	0	0	0	0	0	1	0	0	0	0	0	0	1	0	0	0	0	0	1	0	0	0	0	1	1	0	0	0	0	0
Ф	27	7	9	0	0	0	1	0	0	0	0	1	1	1	1	1	0	1	0	0	1	0	0	1	1	0	0	1	0	0	1	1	0	0	1	0	0	1	1	0	0	1	0	0	1	1	0	0	1	0	0	1	0	1	1	1	1	1	0	0	0	0	1	0	0	0
X	17	7	9	1	0	0	0	0	0	1	0	1	0	0	0	1	0	0	0	1	0	1	0	0	0	0	1	0	1	0	0	0	0	0	1	0	0	0	0	0	1	0	1	0	0	0	0	1	0	1	0	0	0	1	0	0	0	1	0	1	0	0	0	0	0	1
Ц	25	7	11	1	0	0	0	0	1	0	1	0	0	0	0	1	0	1	0	0	0	0	1	0	1	0	0	0	0	1	0	1	0	0	0	0	1	0	1	0	0	0	0	1	0	1	0	0	0	0	1	0	1	0	0	0	0	1	0	1	1	1	1	1	1	1	0	0	0	0	0	0	1	0	0	0	0	0	0	1
Ч	18	6	9	1	0	0	0	0	1	1	0	0	0	0	1	1	0	0	0	0	1	1	0	0	0	0	1	1	0	0	0	0	1	0	1	1	1	1	1	0	0	0	0	0	1	0	0	0	0	0	1	0	0	0	0	0	1
Ш	33	9	9	1	0	0	0	1	0	0	0	1	1	0	0	0	1	0	0	0	1	1	0	0	0	1	0	0	0	1	1	0	0	0	1	0	0	0	1	1	0	0	0	1	0	0	0	1	1	0	0	0	1	0	0	0	1	1	0	0	0	1	0	0	0	1	1	0	0	0	1	0	0	0	1	1	1	1	1	1	1	1	1	1
Щ	36	10	11	1	0	0	0	1	0	0	0	1	0	1	0	0	0	1	0	0	0	1	0	1	0	0	0	1	0	0	0	1	0	1	0	0	0	1	0	0	0	1	0	1	0	0	0	1	0	0	0	1	0	1	0	0	0	1	0	0	0	1	0	1	0	0	0	1	0	0	0	1	0	1	0	0	0	1	0	0	0	1	0	1	1	1	1	1	1	1	1	1	1	0	0	0	0	0	0	0	0	0	1	0	0	0	0	0	0	0	0	0	1
Ъ	21	8	9	1	1	1	1	0	0	0	0	0	0	0	1	0	0	0	0	0	0	0	1	0	0	0	0	0	0	0	1	0	0	0	0	0	0	0	1	1	1	1	0	0	0	0	1	0	0	0	1	0	0	0	1	0	0	0	1	0	0	0	1	0	0	0	1	0	0	0	1	1	1	1	0
Ь	18	5	9	1	0	0	0	0	1	0	0	0	0	1	0	0	0	0	1	0	0	0	0	1	1	1	1	0	1	0	0	0	1	1	0	0	0	1	1	0	0	0	1	1	1	1	1	0
Ѣ	22	7	9	0	0	1	0	0	0	0	1	1	1	1	1	0	0	0	0	1	0	0	0	0	0	0	1	0	0	0	0	0	0	1	1	1	1	0	0	0	1	0	0	0	1	0	0	1	0	0	0	1	0	0	1	0	0	0	1	0	0	1	1	1	1	0
Э	19	6	9	0	1	1	1	0	0	1	0	0	0	1	0	0	0	0	0	0	1	0	0	0	0	0	1	0	1	1	1	1	1	0	0	0	0	0	1	0	0	0	0	0	1	1	0	0	0	1	0	0	1	1	1	0	0
Ю	31	10	9	1	0	0	0	0	1	1	1	0	0	1	0	0	0	1	0	0	0	1	0	1	0	0	1	0	0	0	0	0	1	1	0	0	1	0	0	0	0	0	1	1	1	1	1	0	0	0	0	0	1	1	0	0	1	0	0	0	0	0	1	1	0	0	1	0	0	0	0	0	1	1	0	0	0	1	0	0	0	1	0	1	0	0	0	0	1	1	1	0	0
Я	22	6	9	0	0	1	1	1	1	0	1	0	0	0	1	0	1	0	0	0	1	0	1	0	0	0	1	0	0	1	1	1	1	0	0	1	0	0	1	0	1	0	0	0	1	0	1	0	0	0	1	1	0	0	0	0	1
Ѳ	25	7	9	0	0	1	1	1	0	0	0	1	0	0	0	1	0	1	0	0	0	0	0	1	1	0	1	0	0	0	1	1	1	0	1	0	1	1	1	0	0	0	1	0	1	1	0	0	0	0	0	1	0	1	0	0	0	1	0	0	0	1	1	1	0	0
Ѵ	20	9	9	1	0	0	0	0	0	0	1	1	1	1	0	0	0	0	1	0	1	0	1	0	0	0	0	1	0	0	0	1	0	0	0	1	0	0	0	0	1	0	0	0	1	0	0	0	0	0	1	0	1	0	0	0	0	0	0	1	0	1	0	0	0	0	0	0	1	0	1	0	0	0	0	0	0	0	1	0	0	0	0	0
a	14	4	6	1	1	1	0	0	0	0	1	0	1	1	1	1	0	0	1	1	0	0	1	0	1	1	1
б	19	5	9	0	0	1	1	0	0	1	0	0	0	1	0	0	0	0	1	0	1	1	0	1	1	0	0	1	1	0	0	0	1	1	0	0	0	1	1	0	0	0	1	0	1	1	1	0
в	15	4	6	1	1	1	0	1	0	0	1	1	1	1	0	1	0	0	1	1	0	0	1	1	1	1	0
г	9	4	6	1	1	1	1	1	0	0	0	1	0	0	0	1	0	0	0	1	0	0	0	1	0	0	0
д	21	6	8	0	0	1	1	1	0	0	0	1	0	1	0	0	0	1	0	1	0	0	1	0	0	1	0	0	1	0	0	1	0	1	1	1	1	1	1	1	0	0	0	0	1	1	0	0	0	0	1
e	13	4	6	0	1	1	0	1	0	0	1	1	1	1	1	1	0	0	0	1	0	0	0	0	1	1	1
ё	15	4	8	1	0	1	0	0	0	0	0	0	1	1	0	1	0	0	1	1	1	1	1	1	0	0	0	1	0	0	0	0	1	1	1
ж	18	7	6	1	0	0	1	0	0	1	0	1	0	1	0	1	0	0	0	1	1	1	0	0	0	0	1	1	1	0	0	0	1	0	1	0	1	0	1	0	0	1	0	0	1
з	11	4	6	1	1	1	0	0	0	0	1	0	1	1	0	0	0	0	1	0	0	0	1	1	1	1	0
и	16	5	6	1	0	0	0	1	1	0	0	1	1	1	0	1	0	1	1	0	1	0	1	1	1	0	0	1	1	0	0	0	1
й	20	5	9	0	1	0	0	1	0	0	1	1	0	0	0	0	0	0	1	0	0	0	1	1	0	0	1	1	1	0	1	0	1	1	0	1	0	1	1	1	0	0	1	1	0	0	0	1
i	7	1	9	1	0	0	1	1	1	1	1	1
к	12	4	6	1	0	0	1	1	0	1	0	1	1	0	0	1	1	0	0	1	0	1	0	1	0	0	1
л	14	6	6	0	0	1	1	1	1	0	0	1	0	0	1	0	0	1	0	0	1	0	0	1	0	0	1	0	1	0	0	0	1	1	0	0	0	0	1
м	22	7	6	1	1	0	0	0	1	1	1	1	0	0	0	1	1	1	0	1	0	1	0	1	1	0	1	0	1	0	1	1	0	0	1	0	0	1	1	0	0	1	0	0	1
н	15	5	6	1	0	0	0	1	1	0	0	0	1	1	1	1	1	1	1	0	0	0	1	1	0	0	0	1	1	0	0	0	1
o	14	5	6	0	1	1	1	0	1	0	0	0	1	1	0	0	0	1	1	0	0	0	1	1	0	0	0	1	0	1	1	1	0
п	15	5	6	1	1	1	1	1	1	0	0	0	1	1	0	0	0	1	1	0	0	0	1	1	0	0	0	1	1	0	0	0	1
p	19	5	9	1	0	1	1	0	1	1	0	0	1	1	0	0	0	1	1	0	0	0	1	1	0	0	0	1	1	1	1	1	0	1	0	0	0	0	1	0	0	0	0	1	0	0	0	0
c	10	4	6	0	1	1	1	1	0	0	0	1	0	0	0	1	0	0	0	1	0	0	0	0	1	1	1
т	10	5	6	1	1	1	1	1	0	0	1	0	0	0	0	1	0	0	0	0	1	0	0	0	0	1	0	0	0	0	1	0	0
у	16	6	9	1	0	0	0	0	1	1	0	0	0	0	1	0	1	0	0	1	0	0	1	0	0	1	0	0	0	1	1	0	0	0	0	1	1	0	0	0	0	1	0	0	0	0	0	1	0	0	0	1	1	0	0	0	0
ф	28	7	12	0	0	0	1	0	0	0	0	0	0	1	0	0	0	0	0	0	1	0	0	0	0	1	1	1	1	1	0	1	0	0	1	0	0	1	1	0	0	1	0	0	1	1	0	0	1	0	0	1	1	0	0	1	0	0	1	0	1	1	1	1	1	0	0	0	0	1	0	0	0	0	0	0	1	0	0	0	0	0	0	1	0	0	0
х	10	5	6	1	0	0	0	1	0	1	0	1	0	0	0	1	0	0	0	0	1	0	0	0	1	0	1	0	1	0	0	0	1
ц	18	6	8	1	0	0	0	1	0	1	0	0	0	1	0	1	0	0	0	1	0	1	0	0	0	1	0	1	0	0	0	1	0	1	1	1	1	1	1	0	0	0	0	0	1	0	0	0	0	0	1
ч	12	5	6	1	0	0	0	1	1	0	0	0	1	1	0	0	0	1	0	1	1	1	1	0	0	0	0	1	0	0	0	0	1
ш	24	9	6	1	0	0	0	1	0	0	0	1	1	0	0	0	1	0	0	0	1	1	0	0	0	1	0	0	0	1	1	0	0	0	1	0	0	0	1	1	0	0	0	1	0	0	0	1	1	1	1	1	1	1	1	1	1
щ	27	10	8	1	0	0	0	1	0	0	0	1	0	1	0	0	0	1	0	0	0	1	0	1	0	0	0	1	0	0	0	1	0	1	0	0	0	1	0	0	0	1	0	1	0	0	0	1	0	0	0	1	0	1	1	1	1	1	1	1	1	1	1	0	0	0	0	0	0	0	0	0	1	0	0	0	0	0	0	0	0	0	1
ъ	16	7	6	1	1	1	0	0	0	0	0	0	1	0	0	0	0	0	0	1	1	1	1	0	0	0	1	0	0	0	1	0	0	1	0	0	0	1	0	0	1	1	1	1	0
ь	14	5	6	1	0	0	0	0	1	0	0	0	0	1	1	1	1	0	1	0	0	0	1	1	0	0	0	1	1	1	1	1	0
ѣ	21	7	9	0	0	1	0	0	0	0	1	1	1	1	1	0	0	0	0	1	0	0	0	0	0	0	1	0	0	0	0	0	0	1	0	0	0	0	0	0	1	1	1	1	0	0	0	1	0	0	0	1	0	0	1	0	0	0	1	0	0	1	1	1	1	0
э	12	4	6	1	1	1	0	0	0	0	1	0	1	1	1	0	0	0	1	0	0	0	1	1	1	1	0
ю	22	8	6	1	0	0	0	1	1	1	0	1	0	0	1	0	0	0	1	1	1	1	1	0	0	0	1	1	0	0	1	0	0	0	1	1	0	0	1	0	0	0	1	1	0	0	0	1	1	1	0
я	14	4	6	0	1	1	1	1	0	0	1	1	0	0	1	0	1	1	1	0	1	0	1	1	0	0	1
ѳ	20	6	6	0	1	1	1	1	0	1	0	0	0	0	1	1	1	1	0	0	1	1	0	0	1	1	1	1	0	0	0	0	1	0	1	1	1	1	0
ѵ	13	7	6	1	0	0	0	0	1	1	1	0	0	0	1	0	1	0	1	0	0	1	0	0	0	1	0	1	0	0	0	0	1	0	1	0	0	0	0	0	1	0	0	0	0
\x1	6	1	6	1	1	1	1	1	1
\x2	9	1	9	1	1	1	1	1	1	1	1	1
КЛ	39	13	9	1	0	0	0	0	1	0	0	0	1	1	1	1	1	0	0	0	1	0	0	0	0	1	0	0	1	1	0	0	1	0	0	0	0	0	1	0	0	1	1	0	1	0	0	0	0	0	1	0	0	0	1	1	1	0	0	0	0	0	0	1	0	0	0	1	1	0	1	0	0	0	0	0	1	0	0	0	1	1	0	0	1	0	0	0	0	1	0	0	0	1	1	0	0	0	1	0	0	0	1	0	0	0	1	1	0	0	0	0	1	1	1	0	0	0	0	1
ТУ	30	14	9	1	1	1	1	1	1	1	1	0	0	0	0	0	1	0	0	0	1	0	0	0	0	1	0	0	0	1	0	0	0	0	1	0	0	0	0	1	0	0	0	1	0	0	0	0	1	0	0	0	0	0	1	0	1	0	0	0	0	0	1	0	0	0	0	0	1	0	1	0	0	0	0	0	1	0	0	0	0	0	0	1	0	0	0	0	0	0	1	0	0	0	0	0	0	1	0	0	0	0	0	0	1	0	0	0	0	0	1	0	0	0	0	0	0	0	1	0	0	0	1	1	0	0	0	0	0
ту	26	11	9	1	1	1	1	1	1	0	0	0	0	1	0	0	1	0	0	1	0	0	0	0	1	0	0	1	0	0	0	1	0	0	1	0	0	0	1	0	0	0	1	0	0	1	0	0	0	1	0	0	0	0	1	1	0	0	0	0	1	0	0	0	0	1	1	0	0	0	0	0	0	0	0	0	1	0	0	0	0	0	0	0	0	0	0	1	0	0	0	0	0	0	0	0	1	1	0	0	0	0
ѳѵ	33	13	6	0	1	1	1	1	0	1	0	0	0	0	1	1	1	0	0	0	0	1	1	0	0	0	1	0	1	1	1	1	0	0	1	0	1	0	0	1	0	0	1	0	0	1	1	1	0	1	0	1	0	0	0	1	0	0	0	0	1	0	1	0	1	0	0	0	0	1	1	1	1	0	0	0	1	0	0	0	0
