É	29	5	11	0	0	0	1	1	0	0	1	1	0	0	0	0	0	0	1	1	1	1	1	1	1	0	0	0	1	1	0	0	0	1	1	1	1	1	1	1	0	0	0	1	1	0	0	0	1	1	0	0	0	1	1	1	1	1
À	33	7	11	0	0	1	1	0	0	0	0	0	0	1	1	0	0	0	0	0	0	0	0	0	0	0	1	1	1	0	0	0	0	1	1	1	0	0	0	0	1	0	1	0	0	0	1	1	0	1	1	0	0	1	1	0	1	1	0	0	1	1	1	1	1	0	1	1	0	0	0	1	1	1	1	0	0	0	1	1
È	29	5	11	0	1	1	0	0	0	0	1	1	0	0	0	0	0	0	1	1	1	1	1	1	1	0	0	0	1	1	0	0	0	1	1	1	1	1	1	1	0	0	0	1	1	0	0	0	1	1	0	0	0	1	1	1	1	1
Ì	24	4	11	1	1	0	0	0	1	1	0	0	0	0	0	1	1	1	1	0	1	1	0	0	1	1	0	0	1	1	0	0	1	1	0	0	1	1	0	0	1	1	0	1	1	1	1
Ò	34	7	11	0	0	1	1	0	0	0	0	0	0	1	1	0	0	0	0	0	0	0	0	0	0	0	1	1	1	0	0	0	1	1	0	1	1	0	1	1	0	0	0	1	1	1	1	0	0	0	1	1	1	1	0	0	0	1	1	1	1	0	0	0	1	1	0	1	1	0	1	1	0	0	0	1	1	1	0	0
Ù	37	7	11	0	0	1	1	0	0	0	0	0	0	1	1	0	0	0	0	0	0	0	0	0	1	1	0	0	0	1	1	1	1	0	0	0	1	1	1	1	0	0	0	1	1	1	1	0	0	0	1	1	1	1	0	0	0	1	1	1	1	0	0	0	1	1	1	1	0	0	0	1	1	0	1	1	1	1	1	0
Ã	35	7	11	0	0	1	1	0	1	0	0	0	1	0	1	1	0	0	0	0	0	0	0	0	0	0	1	1	1	0	0	0	0	1	1	1	0	0	0	0	1	0	1	0	0	0	1	1	0	1	1	0	0	1	1	0	1	1	0	0	1	1	1	1	1	0	1	1	0	0	0	1	1	1	1	0	0	0	1	1
Õ	36	7	11	0	0	1	1	0	1	0	0	0	1	0	1	1	0	0	0	0	0	0	0	0	0	0	1	1	1	0	0	0	1	1	0	1	1	0	1	1	0	0	0	1	1	1	1	0	0	0	1	1	1	1	0	0	0	1	1	1	1	0	0	0	1	1	0	1	1	0	1	1	0	0	0	1	1	1	0	0
Â	34	7	11	0	0	0	1	1	0	0	0	0	1	0	1	1	0	0	0	0	0	0	0	0	0	0	1	1	1	0	0	0	0	1	1	1	0	0	0	0	1	0	1	0	0	0	1	1	0	1	1	0	0	1	1	0	1	1	0	0	1	1	1	1	1	0	1	1	0	0	0	1	1	1	1	0	0	0	1	1
Ê	30	5	11	0	0	1	1	0	0	1	0	1	1	0	0	0	0	0	1	1	1	1	1	1	1	0	0	0	1	1	0	0	0	1	1	1	1	1	1	1	0	0	0	1	1	0	0	0	1	1	0	0	0	1	1	1	1	1
Î	25	4	11	0	1	1	0	1	0	1	1	0	0	0	0	1	1	1	1	0	1	1	0	0	1	1	0	0	1	1	0	0	1	1	0	0	1	1	0	0	1	1	0	1	1	1	1
Ô	35	7	11	0	0	0	1	1	0	0	0	0	1	0	1	1	0	0	0	0	0	0	0	0	0	0	1	1	1	0	0	0	1	1	0	1	1	0	1	1	0	0	0	1	1	1	1	0	0	0	1	1	1	1	0	0	0	1	1	1	1	0	0	0	1	1	0	1	1	0	1	1	0	0	0	1	1	1	0	0
Û	38	7	11	0	0	0	1	1	0	0	0	0	1	0	1	1	0	0	0	0	0	0	0	0	1	1	0	0	0	1	1	1	1	0	0	0	1	1	1	1	0	0	0	1	1	1	1	0	0	0	1	1	1	1	0	0	0	1	1	1	1	0	0	0	1	1	1	1	0	0	0	1	1	0	1	1	1	1	1	0
Ä	33	7	10	0	1	1	0	1	1	0	0	0	0	0	0	0	0	0	0	1	1	1	0	0	0	0	1	1	1	0	0	0	0	1	0	1	0	0	0	1	1	0	1	1	0	0	1	1	0	1	1	0	0	1	1	1	1	1	0	1	1	0	0	0	1	1	1	1	0	0	0	1	1
Ë	29	5	10	1	1	0	1	1	0	0	0	0	0	1	1	1	1	1	1	1	0	0	0	1	1	0	0	0	1	1	1	1	1	1	1	0	0	0	1	1	0	0	0	1	1	0	0	0	1	1	1	1	1
Ï	24	5	10	1	1	0	1	1	0	0	0	0	0	1	1	1	1	0	0	1	1	0	0	0	1	1	0	0	0	1	1	0	0	0	1	1	0	0	0	1	1	0	0	0	1	1	0	0	1	1	1	1	0
Ö	34	7	10	0	1	1	0	1	1	0	0	0	0	0	0	0	0	0	0	1	1	1	0	0	0	1	1	0	1	1	0	1	1	0	0	0	1	1	1	1	0	0	0	1	1	1	1	0	0	0	1	1	1	1	0	0	0	1	1	0	1	1	0	1	1	0	0	0	1	1	1	0	0
Ü	37	7	10	0	1	1	0	1	1	0	0	0	0	0	0	0	0	1	1	0	0	0	1	1	1	1	0	0	0	1	1	1	1	0	0	0	1	1	1	1	0	0	0	1	1	1	1	0	0	0	1	1	1	1	0	0	0	1	1	1	1	0	0	0	1	1	0	1	1	1	1	1	0
é	24	5	9	0	0	0	1	1	0	0	1	1	0	0	0	0	0	0	0	1	1	1	0	1	1	0	1	1	1	1	1	1	1	1	1	0	0	0	1	1	0	0	0	0	1	1	1	1
à	25	5	9	0	1	1	0	0	0	0	1	1	0	0	0	0	0	0	0	1	1	1	0	0	0	0	1	1	0	1	1	1	1	1	1	0	1	1	1	1	0	1	1	0	1	1	1	1
è	24	5	9	0	1	1	0	0	0	0	1	1	0	0	0	0	0	0	0	1	1	1	0	1	1	0	1	1	1	1	1	1	1	1	1	0	0	0	1	1	0	0	0	0	1	1	1	1
ì	16	3	9	1	1	0	0	1	1	0	0	0	0	1	1	0	1	1	0	1	1	0	1	1	0	1	1	0	1	1
ò	28	6	9	0	0	1	1	0	0	0	0	0	1	1	0	0	0	0	0	0	0	0	1	1	1	1	0	1	1	0	0	1	1	1	1	0	0	1	1	1	1	0	0	1	1	1	1	0	0	1	1	0	1	1	1	1	0
ù	29	6	9	0	1	1	0	0	0	0	0	1	1	0	0	0	0	0	0	0	0	1	1	0	0	1	1	1	1	0	0	1	1	1	1	0	0	1	1	1	1	0	0	1	1	1	1	0	0	1	1	0	1	1	1	1	1
ã	27	5	9	0	1	1	0	1	0	1	0	1	1	0	0	0	0	0	0	1	1	1	0	0	0	0	1	1	0	1	1	1	1	1	1	0	1	1	1	1	0	1	1	0	1	1	1	1
õ	30	6	9	0	1	1	0	1	0	0	1	0	1	1	0	0	0	0	0	0	0	0	1	1	1	1	0	1	1	0	0	1	1	1	1	0	0	1	1	1	1	0	0	1	1	1	1	0	0	1	1	0	1	1	1	1	0
â	26	5	9	0	0	1	1	0	0	1	0	1	1	0	0	0	0	0	0	1	1	1	0	0	0	0	1	1	0	1	1	1	1	1	1	0	1	1	1	1	0	1	1	0	1	1	1	1
ê	25	5	9	0	0	1	1	0	0	1	0	1	1	0	0	0	0	0	0	1	1	1	0	1	1	0	1	1	1	1	1	1	1	1	1	0	0	0	1	1	0	0	0	0	1	1	1	1
î	17	4	9	0	1	1	0	1	0	1	1	0	0	0	0	0	1	1	0	0	1	1	0	0	1	1	0	0	1	1	0	0	1	1	0	0	1	1	0
ô	29	6	9	0	0	1	1	0	0	0	1	0	1	1	0	0	0	0	0	0	0	0	1	1	1	1	0	1	1	0	0	1	1	1	1	0	0	1	1	1	1	0	0	1	1	1	1	0	0	1	1	0	1	1	1	1	0
û	30	6	9	0	0	1	1	0	0	0	1	0	1	1	0	0	0	0	0	0	0	1	1	0	0	1	1	1	1	0	0	1	1	1	1	0	0	1	1	1	1	0	0	1	1	1	1	0	0	1	1	0	1	1	1	1	1
ä	25	5	8	1	1	0	1	1	0	0	0	0	0	0	1	1	1	0	0	0	0	1	1	0	1	1	1	1	1	1	0	1	1	1	1	0	1	1	0	1	1	1	1
ë	24	5	8	1	1	0	1	1	0	0	0	0	0	0	1	1	1	0	1	1	0	1	1	1	1	1	1	1	1	1	0	0	0	1	1	0	0	0	0	1	1	1	1
ï	14	3	8	1	1	0	0	0	0	0	1	1	0	1	1	0	1	1	0	1	1	0	1	1	0	1	1
¨	2	2	1	1	1
ö	28	6	8	0	1	1	0	1	1	0	0	0	0	0	0	0	1	1	1	1	0	1	1	0	0	1	1	1	1	0	0	1	1	1	1	0	0	1	1	1	1	0	0	1	1	0	1	1	1	1	0
ü	29	6	8	0	1	1	0	1	1	0	0	0	0	0	0	1	1	0	0	1	1	1	1	0	0	1	1	1	1	0	0	1	1	1	1	0	0	1	1	1	1	0	0	1	1	0	1	1	1	1	1
0	30	5	8	0	1	1	1	0	1	1	0	1	1	1	1	0	1	1	1	1	0	1	1	1	1	0	1	1	1	1	0	1	1	1	1	0	1	1	0	1	1	1	0
1	19	4	8	0	1	1	0	1	1	1	0	0	1	1	0	0	1	1	0	0	1	1	0	0	1	1	0	0	1	1	0	1	1	1	1
2	21	5	8	0	1	1	1	0	1	0	0	1	1	0	0	0	1	1	0	0	0	1	1	0	0	1	1	0	0	1	1	0	0	1	1	0	0	0	1	1	1	1	1
3	21	5	8	1	1	1	1	0	0	0	0	1	1	0	0	0	1	1	0	1	1	1	0	0	0	0	1	1	0	0	0	1	1	0	0	0	1	1	1	1	1	1	0
4	24	6	8	0	0	0	1	1	0	0	0	1	1	1	0	0	0	1	1	1	0	0	1	0	1	1	0	1	0	0	1	1	0	1	1	1	1	1	1	0	0	0	1	1	0	0	0	0	1	1	0
5	23	5	8	1	1	1	1	1	1	1	0	0	0	1	1	0	0	0	1	1	1	1	0	0	0	0	1	1	0	0	0	1	1	0	0	0	1	1	1	1	1	1	0
6	26	5	8	0	1	1	1	0	1	1	0	0	0	1	1	0	0	0	1	1	1	1	0	1	1	0	1	1	1	1	0	1	1	1	1	0	1	1	0	1	1	1	0
7	19	5	8	1	1	1	1	1	0	0	0	1	1	0	0	0	1	1	0	0	1	1	0	0	0	1	1	0	0	0	1	1	0	0	1	1	0	0	0	1	1	0	0
8	29	5	8	0	1	1	1	0	1	1	0	1	1	1	1	0	1	1	0	1	1	1	0	1	1	0	1	1	1	1	0	1	1	1	1	0	1	1	0	1	1	1	0
9	26	5	8	0	1	1	1	0	1	1	0	1	1	1	1	0	1	1	1	1	0	1	1	0	1	1	1	1	0	0	0	1	1	0	0	0	1	1	0	1	1	1	0
ît	34	7	9	0	1	1	0	0	0	0	1	0	1	1	1	1	0	0	0	0	0	1	1	0	0	1	1	0	1	1	1	0	1	1	0	1	1	0	0	1	1	0	1	1	0	0	1	1	0	1	1	0	0	1	1	0	1	1	0	0	1	1	0	0	1	1
ff	36	8	8	0	0	1	1	0	0	1	1	0	1	1	0	0	1	1	0	1	1	1	1	1	1	1	1	0	1	1	0	0	1	1	0	0	1	1	0	0	1	1	0	0	1	1	0	0	1	1	0	0	1	1	0	0	1	1	0	0	1	1	0	0	1	1	0
TE	45	11	8	1	1	1	1	1	1	1	1	1	1	1	0	0	1	1	0	0	1	1	0	0	0	0	0	1	1	0	0	1	1	0	0	0	0	0	1	1	0	0	1	1	1	1	1	0	0	1	1	0	0	1	1	0	0	0	0	0	1	1	0	0	1	1	0	0	0	0	0	1	1	0	0	1	1	0	0	0	0	0	1	1	0	0	1	1	1	1	1
TR	52	12	8	1	1	1	1	1	1	1	1	1	1	0	0	0	0	1	1	0	0	1	1	0	1	1	0	0	0	1	1	0	0	1	1	0	1	1	0	0	0	1	1	0	0	1	1	0	1	1	0	0	0	1	1	0	0	1	1	1	1	0	0	0	0	1	1	0	0	1	1	0	1	1	0	0	0	1	1	0	0	1	1	0	1	1	0	0	0	1	1	0	0	1	1	0	0	1	1
TU	53	13	8	1	1	1	1	1	1	1	1	0	0	0	1	1	0	0	1	1	0	0	1	1	0	0	0	1	1	0	0	1	1	0	0	1	1	0	0	0	1	1	0	0	1	1	0	0	1	1	0	0	0	1	1	0	0	1	1	0	0	1	1	0	0	0	1	1	0	0	1	1	0	0	1	1	0	0	0	1	1	0	0	1	1	0	0	1	1	0	0	0	1	1	0	0	1	1	0	0	0	1	1	1	1	1	0
TZ	44	12	8	1	1	1	1	1	1	1	1	1	1	1	1	0	0	1	1	0	0	0	0	0	0	1	1	0	0	1	1	0	0	0	0	0	1	1	0	0	0	1	1	0	0	0	0	1	1	0	0	0	0	1	1	0	0	0	0	1	1	0	0	0	0	1	1	0	0	0	1	1	0	0	0	0	0	1	1	0	0	1	1	0	0	0	0	0	0	1	1	0	0	1	1	1	1	1	1
TE	45	11	8	1	1	1	1	1	1	1	1	1	1	1	0	0	1	1	0	0	1	1	0	0	0	0	0	1	1	0	0	1	1	0	0	0	0	0	1	1	0	0	1	1	1	1	1	0	0	1	1	0	0	1	1	0	0	0	0	0	1	1	0	0	1	1	0	0	0	0	0	1	1	0	0	1	1	0	0	0	0	0	1	1	0	0	1	1	1	1	1
TT	40	12	8	1	1	1	1	1	1	1	1	1	1	1	1	0	0	1	1	0	0	0	0	1	1	0	0	0	0	1	1	0	0	0	0	1	1	0	0	0	0	1	1	0	0	0	0	1	1	0	0	0	0	1	1	0	0	0	0	1	1	0	0	0	0	1	1	0	0	0	0	1	1	0	0	0	0	1	1	0	0	0	0	1	1	0	0	0	0	1	1	0	0	0	0	1	1	0	0
TY	44	12	8	1	1	1	1	1	1	1	1	0	0	1	1	0	0	1	1	0	0	1	1	0	0	1	1	0	0	1	1	0	0	0	1	1	1	1	0	0	0	1	1	0	0	0	1	1	1	1	0	0	0	1	1	0	0	0	0	1	1	0	0	0	0	1	1	0	0	0	0	1	1	0	0	0	0	1	1	0	0	0	0	1	1	0	0	0	0	1	1	0	0	0	0	1	1	0	0
TI	39	9	8	1	1	1	1	1	1	1	1	1	0	0	1	1	0	0	1	1	0	0	0	1	1	0	0	1	1	0	0	0	1	1	0	0	1	1	0	0	0	1	1	0	0	1	1	0	0	0	1	1	0	0	1	1	0	0	0	1	1	0	0	1	1	0	0	0	1	1	0	1	1	1	1
TP	48	12	8	1	1	1	1	1	1	1	1	1	1	1	0	0	0	1	1	0	0	1	1	0	0	1	1	0	0	1	1	0	0	1	1	0	0	1	1	0	0	1	1	0	0	1	1	0	0	1	1	0	0	1	1	0	0	1	1	1	1	1	0	0	0	1	1	0	0	1	1	0	0	0	0	0	0	1	1	0	0	1	1	0	0	0	0	0	0	1	1	0	0	1	1	0	0	0	0
TS	40	11	8	1	1	1	1	1	1	0	1	1	1	0	0	0	1	1	0	0	1	1	0	0	1	0	0	1	1	0	0	1	1	0	0	0	0	0	1	1	0	0	0	1	1	0	0	0	0	1	1	0	0	0	0	1	1	0	0	0	1	1	0	0	0	0	0	1	1	0	0	1	1	0	0	1	0	0	1	1	0	0	1	1	0	0	0	1	1	1	0
TD	54	13	8	1	1	1	1	1	1	1	1	1	1	1	0	0	0	0	1	1	0	0	1	1	0	0	1	1	0	0	0	1	1	0	0	1	1	0	0	0	1	1	0	0	1	1	0	0	1	1	0	0	0	1	1	0	0	1	1	0	0	1	1	0	0	0	1	1	0	0	1	1	0	0	1	1	0	0	0	1	1	0	0	1	1	0	0	1	1	0	0	1	1	0	0	0	1	1	0	0	1	1	1	1	1	0	0
TF	42	11	8	1	1	1	1	1	1	1	1	1	1	1	0	0	1	1	0	0	1	1	0	0	0	0	0	1	1	0	0	1	1	0	0	0	0	0	1	1	0	0	1	1	1	1	1	0	0	1	1	0	0	1	1	0	0	0	0	0	1	1	0	0	1	1	0	0	0	0	0	1	1	0	0	1	1	0	0	0	0	0	1	1	0	0	1	1	0	0	0
TH	55	13	8	1	1	1	1	1	1	1	1	0	0	0	1	1	0	0	1	1	0	0	1	1	0	0	0	1	1	0	0	1	1	0	0	1	1	0	0	0	1	1	0	0	1	1	0	0	1	1	1	1	1	1	1	0	0	1	1	0	0	1	1	0	0	0	1	1	0	0	1	1	0	0	1	1	0	0	0	1	1	0	0	1	1	0	0	1	1	0	0	0	1	1	0	0	1	1	0	0	1	1	0	0	0	1	1
TK	52	12	8	1	1	1	1	1	1	1	1	0	0	1	1	0	0	1	1	0	0	1	1	0	1	1	0	0	0	1	1	0	0	1	1	0	1	1	0	0	0	1	1	0	0	1	1	1	1	0	0	0	0	1	1	0	0	1	1	1	1	0	0	0	0	1	1	0	0	1	1	0	1	1	0	0	0	1	1	0	0	1	1	0	1	1	0	0	0	1	1	0	0	1	1	0	0	1	1
TL	39	11	8	1	1	1	1	1	1	1	1	0	0	0	0	0	1	1	0	0	1	1	0	0	0	0	0	1	1	0	0	1	1	0	0	0	0	0	1	1	0	0	1	1	0	0	0	0	0	1	1	0	0	1	1	0	0	0	0	0	1	1	0	0	1	1	0	0	0	0	0	1	1	0	0	1	1	0	0	0	0	0	1	1	0	0	1	1	1	1	1
TM	74	16	8	1	1	1	1	1	1	1	1	1	0	0	0	0	1	1	1	0	0	1	1	0	0	1	1	1	0	0	0	0	1	1	1	0	0	1	1	0	0	1	1	1	1	0	0	1	1	1	1	0	0	1	1	0	0	1	1	1	1	0	0	1	1	1	1	0	0	1	1	0	0	1	1	0	1	0	0	1	0	1	1	0	0	1	1	0	0	1	1	0	1	1	1	1	0	1	1	0	0	1	1	0	0	1	1	0	0	1	1	0	0	1	1	0	0	1	1	0	0	1	1	0	0	1	1	0	0	1	1
TW	62	16	8	1	1	1	1	1	1	1	1	0	0	1	1	0	0	1	1	0	0	1	1	0	0	1	1	0	0	1	1	0	0	1	1	0	0	1	1	0	0	1	1	0	0	1	1	0	0	1	1	0	0	1	1	0	0	0	1	0	1	1	1	1	0	1	0	0	0	1	1	0	0	0	1	0	1	0	0	1	0	1	0	0	0	1	1	0	0	0	1	1	1	0	0	1	1	1	0	0	0	1	1	0	0	0	0	1	1	0	0	1	1	0	0	0	0	1	1	0	0	0	0	1	1	0	0	1	1	0	0
TX	46	12	8	1	1	1	1	1	1	1	1	0	0	1	1	0	0	1	1	0	0	0	1	1	0	1	0	0	0	1	1	0	0	0	1	1	1	1	0	0	0	1	1	0	0	0	0	1	1	0	0	0	0	1	1	0	0	0	0	1	1	0	0	0	0	1	1	0	0	0	1	1	1	1	0	0	0	1	1	0	0	0	1	0	1	1	0	0	0	1	1	0	0	1	1	0	0	1	1
TV	46	12	8	1	1	1	1	1	1	1	1	0	0	1	1	0	0	1	1	0	0	1	1	0	0	1	1	0	0	1	1	0	0	1	1	0	0	1	1	0	0	1	1	0	0	0	1	0	0	1	0	0	0	1	1	0	0	0	1	1	1	1	0	0	0	1	1	0	0	0	1	1	1	1	0	0	0	1	1	0	0	0	0	1	1	0	0	0	0	1	1	0	0	0	0	1	1	0	0
TB	55	12	8	1	1	1	1	1	1	1	1	1	1	1	0	0	0	1	1	0	0	1	1	0	0	1	1	0	0	1	1	0	0	1	1	0	0	1	1	0	0	1	1	0	0	1	1	1	1	1	0	0	0	1	1	0	0	1	1	0	0	1	1	0	0	1	1	0	0	1	1	0	0	1	1	0	0	1	1	0	0	1	1	0	0	1	1	0	0	1	1	0	0	1	1	1	1	1	0
TN	62	14	8	1	1	1	1	1	1	1	1	0	0	0	0	1	1	0	0	1	1	0	0	1	1	1	0	0	0	1	1	0	0	1	1	0	0	1	1	1	1	0	0	1	1	0	0	1	1	0	0	1	1	0	1	1	0	1	1	0	0	1	1	0	0	1	1	0	1	1	0	1	1	0	0	1	1	0	0	1	1	0	0	1	1	1	1	0	0	1	1	0	0	1	1	0	0	0	1	1	1	0	0	1	1	0	0	1	1	0	0	0	0	1	1
nf	43	10	8	0	0	0	0	0	0	0	0	1	1	0	0	0	0	0	0	0	1	1	0	1	1	1	1	1	0	1	1	1	1	1	1	0	0	1	1	0	1	1	0	1	1	0	0	1	1	0	1	1	0	1	1	0	0	1	1	0	1	1	0	1	1	0	0	1	1	0	1	1	0	1	1	0	0	1	1	0	1	1	0
if	32	6	8	1	1	0	0	1	1	0	0	0	1	1	0	1	1	1	1	1	1	1	1	0	1	1	0	1	1	0	1	1	0	1	1	0	1	1	0	1	1	0	1	1	0	1	1	0	1	1	0
pf	48	10	10	0	0	0	0	0	0	0	0	1	1	0	0	0	0	0	0	0	1	1	0	1	1	1	1	1	0	1	1	1	1	1	1	0	0	1	1	0	1	1	0	1	1	0	0	1	1	0	1	1	0	1	1	0	0	1	1	0	1	1	0	1	1	0	0	1	1	0	1	1	0	1	1	1	1	1	0	0	1	1	0	1	1	0	0	0	0	0	0	0	0	1	1	0	0	0	0	0	0	0	0
af	39	9	8	0	0	0	0	0	0	0	1	1	0	0	0	0	0	0	1	1	0	0	1	1	1	0	1	1	1	1	0	0	0	1	1	0	1	1	0	0	1	1	1	1	0	1	1	0	1	1	0	1	1	0	1	1	0	1	1	0	1	1	0	1	1	0	0	1	1	1	1	0	1	1	0
zf	34	8	8	0	0	0	0	0	0	1	1	0	0	0	0	0	1	1	0	1	1	1	1	1	1	1	1	0	0	1	1	0	1	1	0	0	1	1	0	0	1	1	0	0	1	1	0	0	1	1	0	1	1	0	0	0	1	1	0	1	1	1	1	0	1	1	0
ef	38	9	8	0	0	0	0	0	0	0	1	1	0	0	0	0	0	0	1	1	0	0	1	1	1	0	1	1	1	1	1	1	0	1	1	0	1	1	0	1	1	1	1	1	0	1	1	0	1	1	0	0	0	0	1	1	0	1	1	0	0	0	0	1	1	0	0	1	1	1	1	0	1	1	0
rf	31	7	8	0	0	0	0	0	1	1	0	0	0	0	1	1	0	1	1	1	1	1	1	1	1	1	0	0	1	1	0	1	1	0	0	1	1	0	1	1	0	0	1	1	0	1	1	0	0	1	1	0	1	1	0	0	1	1	0
tf	35	7	8	1	1	0	0	0	1	1	1	1	0	0	1	1	0	1	1	1	1	1	1	1	1	1	0	0	1	1	0	1	1	0	0	1	1	0	1	1	0	0	1	1	0	1	1	0	0	1	1	0	0	1	1	0	1	1	0
yf	38	9	10	0	0	0	0	0	0	0	1	1	0	0	0	0	0	0	1	1	0	1	1	0	1	1	1	1	1	1	1	1	0	1	0	0	1	1	0	0	1	0	1	0	0	1	1	0	0	1	1	1	0	0	1	1	0	0	1	1	0	0	0	1	1	0	0	1	1	0	0	0	1	1	0	0	1	1	0	0	0	0	0	0	1	1	0	0	0	0	0	0	0
uf	43	10	8	0	0	0	0	0	0	0	0	1	1	0	0	0	0	0	0	0	1	1	0	1	1	0	0	1	1	1	1	1	1	1	1	0	0	1	1	0	1	1	0	1	1	0	0	1	1	0	1	1	0	1	1	0	0	1	1	0	1	1	0	1	1	0	0	1	1	0	1	1	0	0	1	1	1	1	1	0	1	1	0
if	32	6	8	1	1	0	0	1	1	0	0	0	1	1	0	1	1	1	1	1	1	1	1	0	1	1	0	1	1	0	1	1	0	1	1	0	1	1	0	1	1	0	1	1	0	1	1	0	1	1	0
of	42	10	8	0	0	0	0	0	0	0	0	1	1	0	0	0	0	0	0	0	1	1	0	0	1	1	1	1	0	1	1	1	1	1	1	0	0	1	1	0	1	1	0	1	1	0	0	1	1	0	1	1	0	1	1	0	0	1	1	0	1	1	0	1	1	0	0	1	1	0	1	1	0	0	1	1	1	1	0	0	1	1	0
pf	48	10	10	0	0	0	0	0	0	0	0	1	1	0	0	0	0	0	0	0	1	1	0	1	1	1	1	1	0	1	1	1	1	1	1	0	0	1	1	0	1	1	0	1	1	0	0	1	1	0	1	1	0	1	1	0	0	1	1	0	1	1	0	1	1	0	0	1	1	0	1	1	0	1	1	1	1	1	0	0	1	1	0	1	1	0	0	0	0	0	0	0	0	1	1	0	0	0	0	0	0	0	0
mf	55	12	8	0	0	0	0	0	0	0	0	0	0	1	1	0	0	0	0	0	0	0	0	0	1	1	0	1	1	1	1	1	1	1	0	1	1	1	1	1	1	0	1	1	0	1	1	0	1	1	0	1	1	0	1	1	0	1	1	0	1	1	0	1	1	0	1	1	0	1	1	0	1	1	0	1	1	0	1	1	0	1	1	0	1	1	0	1	1	0	1	1	0	1	1	0	1	1	0
lf	34	6	8	1	1	0	0	1	1	1	1	0	1	1	0	1	1	1	1	1	1	1	1	0	1	1	0	1	1	0	1	1	0	1	1	0	1	1	0	1	1	0	1	1	0	1	1	0	1	1	0
kf	46	9	8	1	1	0	0	0	0	0	1	1	1	1	0	0	0	0	1	1	0	1	1	0	1	1	1	1	1	1	1	1	0	1	1	0	1	1	0	1	1	1	1	0	0	1	1	0	1	1	1	1	0	0	1	1	0	1	1	0	1	1	0	1	1	0	1	1	0	1	1	0	1	1	0
jf	36	7	10	0	1	1	0	0	1	1	0	0	0	0	1	1	0	0	1	1	1	1	1	1	0	1	1	0	1	1	0	0	1	1	0	1	1	0	0	1	1	0	1	1	0	0	1	1	0	1	1	0	0	1	1	0	1	1	0	0	1	1	0	0	0	0	1	1	0	0	0	0	0
hf	47	10	8	1	1	0	0	0	0	0	0	1	1	1	1	0	0	0	0	0	1	1	0	1	1	1	1	1	0	1	1	1	1	1	1	0	0	1	1	0	1	1	0	1	1	0	0	1	1	0	1	1	0	1	1	0	0	1	1	0	1	1	0	1	1	0	0	1	1	0	1	1	0	1	1	0	0	1	1	0	1	1	0
gf	50	10	10	0	0	0	0	0	0	0	0	1	1	0	0	0	0	0	0	0	1	1	0	0	1	1	1	1	1	1	1	1	1	1	1	0	0	1	1	0	1	1	0	1	1	0	0	1	1	0	1	1	0	1	1	0	0	1	1	0	1	1	0	1	1	0	0	1	1	0	1	1	0	0	1	1	1	1	1	0	1	1	0	0	0	0	0	1	1	0	0	0	0	0	1	1	1	1	0	0	0	0	0
ff	36	8	8	0	0	1	1	0	0	1	1	0	1	1	0	0	1	1	0	1	1	1	1	1	1	1	1	0	1	1	0	0	1	1	0	0	1	1	0	0	1	1	0	0	1	1	0	0	1	1	0	0	1	1	0	0	1	1	0	0	1	1	0	0	1	1	0
df	48	10	8	0	0	0	0	1	1	0	0	1	1	0	0	0	0	1	1	0	1	1	0	0	1	1	1	1	1	1	1	1	1	1	1	0	0	1	1	0	1	1	0	1	1	0	0	1	1	0	1	1	0	1	1	0	0	1	1	0	1	1	0	1	1	0	0	1	1	0	1	1	0	0	1	1	1	1	1	0	1	1	0
sf	34	8	8	0	0	0	0	0	0	1	1	0	0	0	0	0	1	1	0	0	1	1	1	1	1	1	1	1	1	0	0	0	1	1	0	1	1	1	0	0	1	1	0	0	1	1	1	0	1	1	0	0	0	1	1	0	1	1	0	1	1	1	0	0	1	1	0
qf	48	10	10	0	0	0	0	0	0	0	0	1	1	0	0	0	0	0	0	0	1	1	0	0	1	1	1	1	1	1	1	1	1	1	1	0	0	1	1	0	1	1	0	1	1	0	0	1	1	0	1	1	0	1	1	0	0	1	1	0	1	1	0	1	1	0	0	1	1	0	1	1	0	0	1	1	1	1	1	0	1	1	0	0	0	0	0	1	1	0	0	0	0	0	0	0	0	1	1	0	0	0	0
wf	48	12	8	0	0	0	0	0	0	0	0	0	0	1	1	0	0	0	0	0	0	0	0	0	1	1	0	1	1	0	1	1	0	1	1	1	1	1	1	1	1	0	1	1	0	1	1	0	1	1	0	1	1	0	1	1	0	1	1	0	1	1	0	0	1	0	1	1	0	1	0	0	1	1	0	0	1	1	0	0	1	1	0	0	1	1	0	0	1	1	0	0	1	1	0	0	1	1	0
xf	40	9	8	0	0	0	0	0	0	0	1	1	0	0	0	0	0	0	1	1	0	1	1	0	1	1	1	1	1	1	1	1	0	1	1	0	1	1	0	0	1	1	1	0	0	1	1	0	0	1	1	1	0	0	1	1	0	1	1	0	1	1	0	1	1	0	1	1	0	1	1	0	1	1	0
cf	32	8	8	0	0	0	0	0	0	1	1	0	0	0	0	0	1	1	0	0	1	1	1	1	1	1	1	1	1	0	0	0	1	1	0	1	1	0	0	0	1	1	0	1	1	0	0	0	1	1	0	1	1	0	0	0	1	1	0	0	1	1	1	0	1	1	0
vf	38	9	8	0	0	0	0	0	0	0	1	1	0	0	0	0	0	0	1	1	0	1	1	0	1	1	1	1	1	1	1	1	0	1	1	0	1	1	0	1	1	0	1	1	0	1	1	0	0	1	0	1	0	0	1	1	0	0	1	1	1	0	0	1	1	0	0	1	1	1	0	0	1	1	0
bf	48	10	8	1	1	0	0	0	0	0	0	1	1	1	1	0	0	0	0	0	1	1	0	1	1	1	1	1	0	1	1	1	1	1	1	0	0	1	1	0	1	1	0	1	1	0	0	1	1	0	1	1	0	1	1	0	0	1	1	0	1	1	0	1	1	0	0	1	1	0	1	1	0	1	1	1	1	1	0	0	1	1	0
nf	43	10	8	0	0	0	0	0	0	0	0	1	1	0	0	0	0	0	0	0	1	1	0	1	1	1	1	1	0	1	1	1	1	1	1	0	0	1	1	0	1	1	0	1	1	0	0	1	1	0	1	1	0	1	1	0	0	1	1	0	1	1	0	1	1	0	0	1	1	0	1	1	0	1	1	0	0	1	1	0	1	1	0
A	29	7	8	0	0	1	1	1	0	0	0	0	1	1	1	0	0	0	0	1	0	1	0	0	0	1	1	0	1	1	0	0	1	1	0	1	1	0	0	1	1	1	1	1	0	1	1	0	0	0	1	1	1	1	0	0	0	1	1
B	35	6	8	1	1	1	1	1	0	1	1	0	0	1	1	1	1	0	0	1	1	1	1	1	1	1	0	1	1	0	0	1	1	1	1	0	0	1	1	1	1	0	0	1	1	1	1	1	1	1	0
C	20	6	8	0	0	1	1	1	0	0	1	1	0	0	1	1	1	0	0	0	0	1	1	0	0	0	0	1	1	0	0	0	0	1	1	0	0	0	0	0	1	1	0	0	1	0	0	1	1	1	0
D	34	7	8	1	1	1	1	1	0	0	1	1	0	0	1	1	0	1	1	0	0	0	1	1	1	1	0	0	0	1	1	1	1	0	0	0	1	1	1	1	0	0	0	1	1	1	1	0	0	1	1	0	1	1	1	1	1	0	0
E	25	5	8	1	1	1	1	1	1	1	0	0	0	1	1	0	0	0	1	1	1	1	1	1	1	0	0	0	1	1	0	0	0	1	1	0	0	0	1	1	1	1	1
F	22	5	8	1	1	1	1	1	1	1	0	0	0	1	1	0	0	0	1	1	1	1	1	1	1	0	0	0	1	1	0	0	0	1	1	0	0	0	1	1	0	0	0
G	29	7	8	0	0	1	1	1	1	0	0	1	1	0	0	0	1	1	1	0	0	0	0	0	1	1	0	0	0	0	0	1	1	0	0	1	1	1	1	1	0	0	0	1	1	0	1	1	0	0	1	1	0	0	1	1	1	1	1
H	35	7	8	1	1	0	0	0	1	1	1	1	0	0	0	1	1	1	1	0	0	0	1	1	1	1	1	1	1	1	1	1	1	0	0	0	1	1	1	1	0	0	0	1	1	1	1	0	0	0	1	1	1	1	0	0	0	1	1
I	20	4	8	1	1	1	1	0	1	1	0	0	1	1	0	0	1	1	0	0	1	1	0	0	1	1	0	0	1	1	0	1	1	1	1
J	17	4	8	0	0	1	1	0	0	1	1	0	0	1	1	0	0	1	1	0	0	1	1	0	0	1	1	0	0	1	1	1	1	1	0
K	32	6	8	1	1	0	0	1	1	1	1	0	1	1	0	1	1	0	1	1	0	1	1	1	1	0	0	1	1	1	1	0	0	1	1	0	1	1	0	1	1	0	1	1	0	1	1	0	0	1	1
L	19	5	8	1	1	0	0	0	1	1	0	0	0	1	1	0	0	0	1	1	0	0	0	1	1	0	0	0	1	1	0	0	0	1	1	0	0	0	1	1	1	1	1
M	54	10	8	1	1	1	0	0	0	0	1	1	1	1	1	1	0	0	0	0	1	1	1	1	1	1	1	0	0	1	1	1	1	1	1	1	1	0	0	1	1	1	1	1	1	0	1	0	0	1	0	1	1	1	1	0	1	1	1	1	0	1	1	1	1	0	0	1	1	0	0	1	1	1	1	0	0	1	1	0	0	1	1
N	42	8	8	1	1	0	0	0	0	1	1	1	1	1	0	0	0	1	1	1	1	1	1	0	0	1	1	1	1	0	1	1	0	1	1	1	1	0	1	1	0	1	1	1	1	0	0	1	1	1	1	1	1	0	0	0	1	1	1	1	1	0	0	0	0	1	1
O	30	7	8	0	0	1	1	1	0	0	0	1	1	0	1	1	0	1	1	0	0	0	1	1	1	1	0	0	0	1	1	1	1	0	0	0	1	1	1	1	0	0	0	1	1	0	1	1	0	1	1	0	0	0	1	1	1	0	0
P	28	6	8	1	1	1	1	1	0	1	1	0	0	1	1	1	1	0	0	1	1	1	1	0	0	1	1	1	1	1	1	1	0	1	1	0	0	0	0	1	1	0	0	0	0	1	1	0	0	0	0
Q	35	8	10	0	0	1	1	1	0	0	0	0	1	1	0	1	1	0	0	1	1	0	0	0	1	1	0	1	1	0	0	0	1	1	0	1	1	0	0	0	1	1	0	1	1	0	0	0	1	1	0	0	1	1	0	1	1	0	0	0	0	1	1	1	0	0	0	0	0	0	0	1	1	0	0	0	0	0	0	0	1	1	1
R	32	6	8	1	1	1	1	0	0	1	1	0	1	1	0	1	1	0	1	1	0	1	1	0	1	1	0	1	1	1	1	0	0	1	1	0	1	1	0	1	1	0	1	1	0	1	1	0	0	1	1
S	20	5	8	0	1	1	1	0	1	1	0	0	1	1	1	0	0	0	0	1	1	0	0	0	0	1	1	0	0	0	0	1	1	1	0	0	1	1	0	1	1	1	0
T	20	6	8	1	1	1	1	1	1	0	0	1	1	0	0	0	0	1	1	0	0	0	0	1	1	0	0	0	0	1	1	0	0	0	0	1	1	0	0	0	0	1	1	0	0	0	0	1	1	0	0
U	33	7	8	1	1	0	0	0	1	1	1	1	0	0	0	1	1	1	1	0	0	0	1	1	1	1	0	0	0	1	1	1	1	0	0	0	1	1	1	1	0	0	0	1	1	1	1	0	0	0	1	1	0	1	1	1	1	1	0
V	26	6	8	1	1	0	0	1	1	1	1	0	0	1	1	1	1	0	0	1	1	0	1	0	0	1	0	0	1	1	1	1	0	0	1	1	1	1	0	0	0	1	1	0	0	0	0	1	1	0	0
W	42	10	8	1	1	0	0	1	1	0	0	1	1	1	1	0	0	1	1	0	0	1	1	1	1	0	0	1	1	0	0	1	1	0	1	0	1	1	1	1	0	1	0	0	1	0	1	0	0	1	0	1	0	0	1	1	1	0	0	1	1	1	0	0	0	1	1	0	0	1	1	0	0	0	0	1	1	0	0	1	1	0	0
X	26	6	8	1	1	0	0	1	1	0	1	1	0	1	0	0	1	1	1	1	0	0	0	1	1	0	0	0	0	1	1	0	0	0	1	1	1	1	0	0	1	0	1	1	0	1	1	0	0	1	1
Y	24	6	8	1	1	0	0	1	1	1	1	0	0	1	1	0	1	1	1	1	0	0	1	1	1	1	0	0	0	1	1	0	0	0	0	1	1	0	0	0	0	1	1	0	0	0	0	1	1	0	0
Z	24	6	8	1	1	1	1	1	1	0	0	0	0	1	1	0	0	0	1	1	0	0	0	1	1	0	0	0	0	1	1	0	0	0	1	1	0	0	0	1	1	0	0	0	0	1	1	1	1	1	1
a	21	5	6	0	1	1	1	0	0	0	0	1	1	0	1	1	1	1	1	1	0	1	1	1	1	0	1	1	0	1	1	1	1
b	30	6	8	1	1	0	0	0	0	1	1	0	0	0	0	1	1	1	1	1	0	1	1	0	0	1	1	1	1	0	0	1	1	1	1	0	0	1	1	1	1	0	0	1	1	1	1	1	1	1	0
c	14	4	6	0	1	1	1	1	1	0	0	1	1	0	0	1	1	0	0	1	1	0	0	0	1	1	1
d	30	6	8	0	0	0	0	1	1	0	0	0	0	1	1	0	1	1	1	1	1	1	1	0	0	1	1	1	1	0	0	1	1	1	1	0	0	1	1	1	1	0	0	1	1	0	1	1	1	1	1
e	20	5	6	0	1	1	1	0	1	1	0	1	1	1	1	1	1	1	1	1	0	0	0	1	1	0	0	0	0	1	1	1	1
f	18	4	8	0	0	1	1	0	1	1	0	1	1	1	1	0	1	1	0	0	1	1	0	0	1	1	0	0	1	1	0	0	1	1	0
g	32	6	8	0	1	1	1	1	1	1	1	0	0	1	1	1	1	0	0	1	1	1	1	0	0	1	1	1	1	0	0	1	1	0	1	1	1	1	1	0	0	0	0	1	1	0	1	1	1	1	0
h	29	6	8	1	1	0	0	0	0	1	1	0	0	0	0	1	1	1	1	1	0	1	1	0	0	1	1	1	1	0	0	1	1	1	1	0	0	1	1	1	1	0	0	1	1	1	1	0	0	1	1
i	14	2	8	1	1	0	0	1	1	1	1	1	1	1	1	1	1	1	1
j	18	3	10	0	1	1	0	0	0	0	1	1	0	1	1	0	1	1	0	1	1	0	1	1	0	1	1	0	1	1	1	1	0
k	28	5	8	1	1	0	0	0	1	1	0	0	0	1	1	0	1	1	1	1	0	1	1	1	1	1	1	0	1	1	1	1	0	1	1	0	1	1	1	1	0	1	1
l	16	2	8	1	1	1	1	1	1	1	1	1	1	1	1	1	1	1	1
m	37	8	6	1	1	1	1	1	1	1	0	1	1	0	1	1	0	1	1	1	1	0	1	1	0	1	1	1	1	0	1	1	0	1	1	1	1	0	1	1	0	1	1	1	1	0	1	1	0	1	1
n	25	6	6	1	1	1	1	1	0	1	1	0	0	1	1	1	1	0	0	1	1	1	1	0	0	1	1	1	1	0	0	1	1	1	1	0	0	1	1
o	24	6	6	0	1	1	1	1	0	1	1	0	0	1	1	1	1	0	0	1	1	1	1	0	0	1	1	1	1	0	0	1	1	0	1	1	1	1	0
p	30	6	8	1	1	1	1	1	0	1	1	0	0	1	1	1	1	0	0	1	1	1	1	0	0	1	1	1	1	0	0	1	1	1	1	1	1	1	0	1	1	0	0	0	0	1	1	0	0	0	0
q	30	6	8	0	1	1	1	1	1	1	1	0	0	1	1	1	1	0	0	1	1	1	1	0	0	1	1	1	1	0	0	1	1	0	1	1	1	1	1	0	0	0	0	1	1	0	0	0	0	1	1
r	13	3	6	1	1	1	1	1	0	1	1	0	1	1	0	1	1	0	1	1	0
s	16	4	6	0	1	1	1	1	1	0	0	1	1	1	0	0	1	1	1	0	0	1	1	1	1	1	0
t	17	3	8	1	1	0	1	1	0	1	1	1	1	1	0	1	1	0	1	1	0	1	1	0	0	1	1
u	25	6	6	1	1	0	0	1	1	1	1	0	0	1	1	1	1	0	0	1	1	1	1	0	0	1	1	1	1	0	0	1	1	0	1	1	1	1	1
v	20	5	6	1	1	0	1	1	1	1	0	1	1	1	1	0	1	1	0	1	0	1	0	0	1	1	1	0	0	1	1	1	0
w	30	8	6	1	1	0	1	1	0	1	1	1	1	0	1	1	0	1	1	1	1	0	1	1	0	1	1	0	1	0	1	1	0	1	0	0	1	1	0	0	1	1	0	0	1	1	0	0	1	1	0
x	22	5	6	1	1	0	1	1	1	1	0	1	1	0	1	1	1	0	0	1	1	1	0	1	1	0	1	1	1	1	0	1	1
y	20	5	8	1	1	0	1	1	1	1	0	1	0	0	1	0	1	0	0	1	1	1	0	0	1	1	0	0	0	1	1	0	0	0	1	1	0	0	1	1	0	0	0
z	16	4	6	1	1	1	1	0	0	1	1	0	1	1	0	0	1	1	0	1	1	0	0	1	1	1	1
\\	18	4	9	1	1	0	0	1	1	0	0	1	1	0	0	0	1	1	0	0	1	1	0	0	1	1	0	0	0	1	1	0	0	1	1	0	0	1	1
/	18	4	9	0	0	1	1	0	0	1	1	0	0	1	1	0	1	1	0	0	1	1	0	0	1	1	0	1	1	0	0	1	1	0	0	1	1	0	0
:	8	2	6	1	1	1	1	0	0	0	0	1	1	1	1
*	7	3	4	0	1	0	1	1	1	0	1	0	1	0	1
?	14	4	8	1	1	1	0	0	0	1	1	0	0	1	1	0	1	1	0	0	1	0	0	0	0	0	0	0	1	1	0	0	1	1	0
<	9	5	5	0	0	0	0	1	0	1	1	1	0	1	0	0	0	0	0	1	1	1	0	0	0	0	0	1
>	9	5	5	1	0	0	0	0	0	1	1	1	0	0	0	0	0	1	0	1	1	1	0	1	0	0	0	0
|	11	1	11	1	1	1	1	1	1	1	1	1	1	1
&	37	8	8	0	0	1	1	1	0	0	0	0	1	1	0	1	1	0	0	0	1	1	0	1	1	0	0	0	0	1	1	1	0	1	1	0	1	1	0	1	0	1	1	1	1	0	0	1	1	1	0	1	1	0	0	1	1	1	0	0	1	1	1	1	0	1	1
~	6	6	2	0	1	1	0	0	1	1	0	0	1	1	0
'	2	1	2	1	1
`	4	3	2	1	1	0	0	1	1
(	14	3	9	0	0	1	0	1	0	1	1	0	1	1	0	1	1	0	1	1	0	1	1	0	0	1	0	0	0	1
[	22	3	10	1	1	1	1	1	0	1	1	0	1	1	0	1	1	0	1	1	0	1	1	0	1	1	0	1	1	0	1	1	1
{	20	4	10	0	0	1	1	0	1	1	0	0	1	1	0	0	1	1	0	1	1	0	0	0	1	1	0	0	1	1	0	0	1	1	0	0	1	1	0	0	0	1	1
-	3	3	1	1	1	1
_	5	5	1	1	1	1	1	1
ç	16	4	8	0	1	1	1	1	1	0	0	1	1	0	0	1	1	0	0	1	1	0	0	0	1	1	1	0	0	0	1	0	0	1	0
@	36	9	9	0	0	1	1	1	1	1	0	0	0	1	0	0	0	0	0	1	0	1	0	0	1	1	1	0	0	1	1	0	1	0	0	1	0	0	1	1	0	1	0	0	1	0	0	1	1	0	1	0	0	1	0	0	1	1	0	0	1	1	1	1	1	0	0	1	0	0	0	0	0	0	0	0	0	1	1	1	1	1	0	0
)	14	3	9	1	0	0	0	1	0	0	1	1	0	1	1	0	1	1	0	1	1	0	1	1	0	1	0	1	0	0
]	22	3	10	1	1	1	0	1	1	0	1	1	0	1	1	0	1	1	0	1	1	0	1	1	0	1	1	0	1	1	1	1	1
}	20	4	10	1	1	0	0	0	1	1	0	0	1	1	0	0	1	1	0	0	0	1	1	0	1	1	0	0	1	1	0	0	1	1	0	0	1	1	0	1	1	0	0
°	4	3	3	0	1	0	1	0	1	0	1	0
=	10	5	3	1	1	1	1	1	0	0	0	0	0	1	1	1	1	1
£	21	5	8	0	0	1	1	1	0	1	1	0	0	0	1	1	0	0	0	1	1	0	0	1	1	1	1	0	0	1	1	0	0	0	1	0	0	0	1	1	1	1	1
$	22	5	10	0	0	1	0	0	0	1	1	1	0	1	0	1	0	1	1	0	1	0	0	0	1	1	0	0	0	0	1	1	0	0	0	1	0	1	1	0	1	0	1	0	1	1	1	0	0	0	1	0	0
¤	16	4	6	1	0	0	1	1	1	1	1	1	0	0	1	1	0	0	1	1	1	1	1	1	0	0	1
µ	30	6	8	1	1	0	0	1	1	1	1	0	0	1	1	1	1	0	0	1	1	1	1	0	0	1	1	1	1	0	0	1	1	1	1	1	1	1	1	1	1	0	0	0	0	1	1	0	0	0	0
%	24	9	8	0	1	1	0	0	0	0	1	0	1	0	0	1	0	0	1	0	0	1	0	0	1	0	1	0	0	0	0	1	1	0	1	0	0	0	0	0	0	0	0	1	0	1	1	0	0	0	0	1	0	1	0	0	1	0	0	1	0	0	1	0	0	1	0	1	0	0	0	0	1	1	0
§	18	4	8	0	1	1	1	1	0	0	0	1	1	1	0	1	0	0	1	1	0	0	1	0	1	1	1	0	0	0	1	1	1	1	0
!	14	2	8	1	1	1	1	1	1	1	1	1	1	0	0	1	1	1	1
;	9	2	7	1	1	1	1	0	0	0	0	1	1	1	1	1	0
.	4	2	2	1	1	1	1
,	5	2	3	1	1	1	1	1	0
+	9	5	5	0	0	1	0	0	0	0	1	0	0	1	1	1	1	1	0	0	1	0	0	0	0	1	0	0
€	24	5	8	0	0	1	1	1	0	1	1	0	0	1	1	1	1	1	0	1	1	0	0	1	1	1	1	1	0	1	1	0	0	0	1	1	0	0	0	0	1	1	1
#	24	6	8	0	0	1	0	1	0	0	0	1	0	1	0	1	1	1	1	1	1	0	0	1	0	1	0	0	1	0	1	0	0	1	1	1	1	1	1	0	1	0	1	0	0	0	1	0	1	0	0
