É	32	5	13	0	0	1	1	0	0	1	1	0	0	0	0	0	0	0	1	1	1	1	1	1	1	0	0	0	1	1	0	0	0	1	1	0	0	0	1	1	1	1	0	1	1	0	0	0	1	1	0	0	0	1	1	0	0	0	1	1	0	0	0	1	1	1	1	1
À	38	7	13	0	1	1	0	0	0	0	0	0	1	1	0	0	0	0	0	0	0	0	0	0	0	0	0	1	0	0	0	0	0	1	1	1	0	0	0	0	1	1	1	0	0	0	0	1	0	1	0	0	0	1	1	0	1	1	0	0	1	1	0	1	1	0	0	1	1	0	1	1	0	0	1	1	1	1	1	0	1	1	0	0	0	1	1	1	1	0	0	0	1	1
È	32	5	13	1	1	0	0	0	0	1	1	0	0	0	0	0	0	0	1	1	1	1	1	1	1	0	0	0	1	1	0	0	0	1	1	0	0	0	1	1	1	1	0	1	1	0	0	0	1	1	0	0	0	1	1	0	0	0	1	1	0	0	0	1	1	1	1	1
Ì	24	3	13	1	1	0	0	1	1	0	0	0	0	1	1	0	1	1	0	1	1	0	1	1	0	1	1	0	1	1	0	1	1	0	1	1	0	1	1	0	1	1
Ò	44	8	13	0	0	1	1	0	0	0	0	0	0	0	1	1	0	0	0	0	0	0	0	0	0	0	0	0	0	1	1	1	1	0	0	0	1	1	0	0	1	1	0	1	1	0	0	0	0	1	1	1	1	0	0	0	0	1	1	1	1	0	0	0	0	1	1	1	1	0	0	0	0	1	1	1	1	0	0	0	0	1	1	1	1	0	0	0	0	1	1	0	1	1	0	0	1	1	0	0	0	1	1	1	1	0	0
Ù	44	8	13	0	0	1	1	0	0	0	0	0	0	0	1	1	0	0	0	0	0	0	0	0	0	0	0	1	1	0	0	0	0	1	1	1	1	0	0	0	0	1	1	1	1	0	0	0	0	1	1	1	1	0	0	0	0	1	1	1	1	0	0	0	0	1	1	1	1	0	0	0	0	1	1	1	1	0	0	0	0	1	1	1	1	0	0	0	0	1	1	0	1	1	0	0	1	1	0	0	0	1	1	1	1	0	0
Ã	40	7	13	0	0	1	1	0	1	0	0	1	0	1	1	0	0	0	0	0	0	0	0	0	0	0	0	1	0	0	0	0	0	1	1	1	0	0	0	0	1	1	1	0	0	0	0	1	0	1	0	0	0	1	1	0	1	1	0	0	1	1	0	1	1	0	0	1	1	0	1	1	0	0	1	1	1	1	1	0	1	1	0	0	0	1	1	1	1	0	0	0	1	1
Õ	46	8	13	0	0	0	1	1	0	1	0	0	0	1	0	1	1	0	0	0	0	0	0	0	0	0	0	0	0	1	1	1	1	0	0	0	1	1	0	0	1	1	0	1	1	0	0	0	0	1	1	1	1	0	0	0	0	1	1	1	1	0	0	0	0	1	1	1	1	0	0	0	0	1	1	1	1	0	0	0	0	1	1	1	1	0	0	0	0	1	1	0	1	1	0	0	1	1	0	0	0	1	1	1	1	0	0
Â	41	7	13	0	0	1	1	1	0	0	0	1	1	0	1	1	0	0	0	0	0	0	0	0	0	0	0	1	0	0	0	0	0	1	1	1	0	0	0	0	1	1	1	0	0	0	0	1	0	1	0	0	0	1	1	0	1	1	0	0	1	1	0	1	1	0	0	1	1	0	1	1	0	0	1	1	1	1	1	0	1	1	0	0	0	1	1	1	1	0	0	0	1	1
Ê	35	5	13	0	1	1	1	0	1	1	0	1	1	0	0	0	0	0	1	1	1	1	1	1	1	0	0	0	1	1	0	0	0	1	1	0	0	0	1	1	1	1	0	1	1	0	0	0	1	1	0	0	0	1	1	0	0	0	1	1	0	0	0	1	1	1	1	1
Î	27	5	13	0	1	1	1	0	1	1	0	1	1	0	0	0	0	0	0	1	1	0	0	0	1	1	0	0	0	1	1	0	0	0	1	1	0	0	0	1	1	0	0	0	1	1	0	0	0	1	1	0	0	0	1	1	0	0	0	1	1	0	0	0	1	1	0	0
Ô	47	8	13	0	0	0	1	1	1	0	0	0	0	1	1	0	1	1	0	0	0	0	0	0	0	0	0	0	0	1	1	1	1	0	0	0	1	1	0	0	1	1	0	1	1	0	0	0	0	1	1	1	1	0	0	0	0	1	1	1	1	0	0	0	0	1	1	1	1	0	0	0	0	1	1	1	1	0	0	0	0	1	1	1	1	0	0	0	0	1	1	0	1	1	0	0	1	1	0	0	0	1	1	1	1	0	0
Û	47	8	13	0	0	0	1	1	1	0	0	0	0	1	1	0	1	1	0	0	0	0	0	0	0	0	0	1	1	0	0	0	0	1	1	1	1	0	0	0	0	1	1	1	1	0	0	0	0	1	1	1	1	0	0	0	0	1	1	1	1	0	0	0	0	1	1	1	1	0	0	0	0	1	1	1	1	0	0	0	0	1	1	1	1	0	0	0	0	1	1	0	1	1	0	0	1	1	0	0	0	1	1	1	1	0	0
Ä	42	7	13	0	1	1	0	0	1	1	0	1	1	0	0	1	1	0	0	0	0	0	0	0	0	0	0	1	0	0	0	0	0	1	1	1	0	0	0	0	1	1	1	0	0	0	0	1	0	1	0	0	0	1	1	0	1	1	0	0	1	1	0	1	1	0	0	1	1	0	1	1	0	0	1	1	1	1	1	0	1	1	0	0	0	1	1	1	1	0	0	0	1	1
Ë	36	6	13	1	1	0	0	1	1	1	1	0	0	1	1	0	0	0	0	0	0	1	1	1	1	1	0	1	1	0	0	0	0	1	1	0	0	0	0	1	1	0	0	0	0	1	1	1	1	0	0	1	1	0	0	0	0	1	1	0	0	0	0	1	1	0	0	0	0	1	1	0	0	0	0	1	1	1	1	1	0
.	4	2	2	1	1	1	1
I	20	2	10	1	1	1	1	1	1	1	1	1	1	1	1	1	1	1	1	1	1	1	1
.	4	2	2	1	1	1	1
Ö	48	8	13	0	1	1	0	0	1	1	0	0	1	1	0	0	1	1	0	0	0	0	0	0	0	0	0	0	0	1	1	1	1	0	0	0	1	1	0	0	1	1	0	1	1	0	0	0	0	1	1	1	1	0	0	0	0	1	1	1	1	0	0	0	0	1	1	1	1	0	0	0	0	1	1	1	1	0	0	0	0	1	1	1	1	0	0	0	0	1	1	0	1	1	0	0	1	1	0	0	0	1	1	1	1	0	0
Ü	48	8	13	0	1	1	0	0	1	1	0	0	1	1	0	0	1	1	0	0	0	0	0	0	0	0	0	1	1	0	0	0	0	1	1	1	1	0	0	0	0	1	1	1	1	0	0	0	0	1	1	1	1	0	0	0	0	1	1	1	1	0	0	0	0	1	1	1	1	0	0	0	0	1	1	1	1	0	0	0	0	1	1	1	1	0	0	0	0	1	1	0	1	1	0	0	1	1	0	0	0	1	1	1	1	0	0
é	32	6	10	0	0	0	0	1	1	0	0	0	1	1	0	0	0	0	0	0	0	0	1	1	1	1	0	1	1	0	0	1	1	1	1	0	0	1	1	1	1	1	1	1	1	1	1	0	0	0	0	1	1	0	0	1	1	0	1	1	1	1	0
à	32	6	10	0	1	1	0	0	0	0	0	1	1	0	0	0	0	0	0	0	0	0	1	1	1	1	0	0	0	0	0	1	1	0	1	1	1	1	1	1	1	0	0	1	1	1	1	0	0	1	1	1	1	0	0	1	1	0	1	1	1	1	1
è	32	6	10	0	1	1	0	0	0	0	0	1	1	0	0	0	0	0	0	0	0	0	1	1	1	1	0	1	1	0	0	1	1	1	1	0	0	1	1	1	1	1	1	1	1	1	1	0	0	0	0	1	1	0	0	1	1	0	1	1	1	1	0
ì	19	3	10	1	1	0	0	1	1	0	0	0	1	1	1	0	1	1	0	1	1	0	1	1	0	1	1	0	1	1	0	1	1
ò	32	6	10	0	1	1	0	0	0	0	0	1	1	0	0	0	0	0	0	0	0	0	1	1	1	1	0	1	1	0	0	1	1	1	1	0	0	1	1	1	1	0	0	1	1	1	1	0	0	1	1	1	1	0	0	1	1	0	1	1	1	1	0
ù	33	6	10	0	1	1	0	0	0	0	0	1	1	0	0	0	0	0	0	0	0	1	1	0	0	1	1	1	1	0	0	1	1	1	1	0	0	1	1	1	1	0	0	1	1	1	1	0	0	1	1	1	1	0	0	1	1	0	1	1	1	1	1
ã	34	6	10	0	0	1	1	0	1	0	1	0	1	1	0	0	0	0	0	0	0	0	1	1	1	1	0	0	0	0	0	1	1	0	1	1	1	1	1	1	1	0	0	1	1	1	1	0	0	1	1	1	1	0	0	1	1	0	1	1	1	1	1
õ	34	6	10	0	0	1	1	0	1	0	1	0	1	1	0	0	0	0	0	0	0	0	1	1	1	1	0	1	1	0	0	1	1	1	1	0	0	1	1	1	1	0	0	1	1	1	1	0	0	1	1	1	1	0	0	1	1	0	1	1	1	1	0
â	35	6	10	0	0	1	1	1	0	0	1	1	0	1	1	0	0	0	0	0	0	0	1	1	1	1	0	0	0	0	0	1	1	0	1	1	1	1	1	1	1	0	0	1	1	1	1	0	0	1	1	1	1	0	0	1	1	0	1	1	1	1	1
ê	35	6	10	0	0	1	1	1	0	0	1	1	0	1	1	0	0	0	0	0	0	0	1	1	1	1	0	1	1	0	0	1	1	1	1	0	0	1	1	1	1	1	1	1	1	1	1	0	0	0	0	1	1	0	0	1	1	0	1	1	1	1	0
î	22	5	10	0	1	1	1	0	1	1	0	1	1	0	0	0	0	0	1	1	1	0	0	0	1	1	0	0	0	1	1	0	0	0	1	1	0	0	0	1	1	0	0	0	1	1	0	0	0	1	1	0	0
ô	35	6	10	0	0	1	1	1	0	0	1	1	0	1	1	0	0	0	0	0	0	0	1	1	1	1	0	1	1	0	0	1	1	1	1	0	0	1	1	1	1	0	0	1	1	1	1	0	0	1	1	1	1	0	0	1	1	0	1	1	1	1	0
û	36	6	10	0	0	1	1	1	0	0	1	1	0	1	1	0	0	0	0	0	0	1	1	0	0	1	1	1	1	0	0	1	1	1	1	0	0	1	1	1	1	0	0	1	1	1	1	0	0	1	1	1	1	0	0	1	1	0	1	1	1	1	1
ä	36	6	10	1	1	0	0	1	1	1	1	0	0	1	1	0	0	0	0	0	0	0	1	1	1	1	0	0	0	0	0	1	1	0	1	1	1	1	1	1	1	0	0	1	1	1	1	0	0	1	1	1	1	0	0	1	1	0	1	1	1	1	1
ë	36	6	10	1	1	0	0	1	1	1	1	0	0	1	1	0	0	0	0	0	0	0	1	1	1	1	0	1	1	0	0	1	1	1	1	0	0	1	1	1	1	1	1	1	1	1	1	0	0	0	0	1	1	0	0	1	1	0	1	1	1	1	0
ï	19	4	10	1	1	0	0	1	1	0	0	0	0	0	0	0	1	1	1	0	0	1	1	0	0	1	1	0	0	1	1	0	0	1	1	0	0	1	1	0	0	1	1
.	4	2	2	1	1	1	1
ö	36	6	10	1	1	0	0	1	1	1	1	0	0	1	1	0	0	0	0	0	0	0	1	1	1	1	0	1	1	0	0	1	1	1	1	0	0	1	1	1	1	0	0	1	1	1	1	0	0	1	1	1	1	0	0	1	1	0	1	1	1	1	0
ü	37	6	10	1	1	0	0	1	1	1	1	0	0	1	1	0	0	0	0	0	0	1	1	0	0	1	1	1	1	0	0	1	1	1	1	0	0	1	1	1	1	0	0	1	1	1	1	0	0	1	1	1	1	0	0	1	1	0	1	1	1	1	1
0	38	7	10	0	0	1	1	1	0	0	0	1	1	0	1	1	0	1	1	0	0	0	1	1	1	1	0	0	0	1	1	1	1	0	0	0	1	1	1	1	0	0	0	1	1	1	1	0	0	0	1	1	1	1	0	0	0	1	1	0	1	1	0	1	1	0	0	0	1	1	1	0	0
1	24	4	10	0	0	1	1	0	1	1	1	1	1	1	1	1	0	1	1	0	0	1	1	0	0	1	1	0	0	1	1	0	0	1	1	0	0	1	1	0	0	1	1
2	30	6	10	0	1	1	1	1	0	1	1	0	0	1	1	0	0	0	0	1	1	0	0	0	0	1	1	0	0	0	1	1	1	0	0	0	1	1	0	0	0	1	1	0	0	0	1	1	1	0	0	0	1	1	0	0	0	1	1	1	1	1	1
3	30	6	10	0	1	1	1	1	0	1	1	0	0	1	1	0	0	0	0	1	1	0	0	0	0	1	1	0	0	1	1	1	0	0	0	0	1	1	1	0	0	0	0	1	1	0	0	0	0	1	1	1	1	0	0	1	1	0	1	1	1	1	0
4	31	7	10	0	0	0	0	0	1	0	0	0	0	0	1	1	0	0	0	0	1	1	1	0	0	0	1	1	1	1	0	0	1	1	0	1	1	0	1	1	0	0	1	1	0	1	1	1	1	1	1	1	0	0	0	0	1	1	0	0	0	0	0	1	1	0	0	0	0	0	1	1	0
5	32	6	10	1	1	1	1	1	1	1	1	0	0	0	0	1	1	0	0	0	0	1	1	1	1	1	0	1	0	0	0	1	1	0	0	0	0	1	1	0	0	0	0	1	1	0	0	0	0	1	1	1	1	0	0	1	1	0	1	1	1	1	0
6	32	6	10	0	0	0	1	1	0	0	0	1	1	0	0	0	1	1	0	0	0	0	1	1	0	0	0	1	1	1	1	1	0	1	1	0	0	1	1	1	1	0	0	1	1	1	1	0	0	1	1	0	1	0	0	1	1	0	1	1	1	1	0
7	24	6	10	1	1	1	1	1	1	0	0	0	0	1	1	0	0	0	1	1	0	0	0	0	1	1	0	0	0	0	1	1	0	0	0	1	1	0	0	0	0	1	1	0	0	0	0	1	1	0	0	0	1	1	0	0	0	0	1	1	0	0	0
8	39	6	10	0	1	1	1	1	0	1	1	0	0	1	1	1	1	0	0	1	1	1	1	0	0	1	1	0	1	1	1	1	0	1	1	0	0	1	0	1	1	0	0	1	1	1	1	0	0	1	1	1	1	0	0	1	1	0	1	1	1	1	0
9	32	6	10	0	1	1	1	1	0	1	1	0	0	1	0	1	1	0	0	1	1	1	1	0	0	1	1	1	1	0	0	1	1	0	1	1	1	1	1	0	0	0	1	1	0	0	0	0	1	1	0	0	0	1	1	0	0	0	1	1	0	0	0
ve	51	13	7	1	1	0	0	0	1	1	0	1	1	1	1	0	0	1	1	0	1	1	0	1	1	0	0	1	1	0	1	1	0	1	1	0	1	1	0	0	1	1	0	1	1	0	1	1	0	1	1	1	1	1	1	0	0	1	1	1	0	0	1	1	0	0	0	0	0	0	1	1	1	0	0	1	1	0	0	1	1	0	0	0	1	0	0	0	0	1	1	1	1	0
ows	88	22	7	0	1	1	1	1	0	1	1	0	0	0	1	0	0	0	1	1	0	1	1	1	0	1	1	0	0	1	1	0	1	1	0	1	1	1	0	1	1	0	1	1	0	1	1	1	1	0	0	1	1	0	1	1	0	1	1	1	0	1	1	0	1	1	0	0	0	1	1	0	0	1	1	0	1	1	0	1	0	1	0	1	1	0	0	1	1	1	0	1	1	0	0	1	1	0	0	1	1	1	0	1	1	1	0	0	0	0	0	1	1	1	1	0	0	1	1	0	0	1	1	1	0	1	1	1	0	0	1	1	0	1	1	0	1	1	1	1	0	0	0	0	1	0	0	0	1	0	0	0	0	1	1	1	0
RD	85	15	10	1	1	1	1	1	1	0	0	1	1	1	1	1	0	0	1	1	0	0	0	1	1	0	1	1	0	0	1	1	0	1	1	0	0	0	1	1	0	1	1	0	0	0	1	1	1	1	0	0	0	1	1	0	1	1	0	0	0	1	1	1	1	0	0	0	1	1	0	1	1	0	0	0	1	1	1	1	1	1	1	0	0	0	1	1	0	0	0	1	1	1	1	0	0	1	1	0	0	1	1	0	0	0	1	1	1	1	0	0	1	1	0	0	1	1	0	0	0	1	1	1	1	0	0	0	1	1	0	1	1	0	0	1	1	0	1	1	0	0	0	0	1	1	1	1	1	1	1	0	0
ls	41	8	10	1	1	0	0	0	0	0	0	1	1	0	0	0	0	0	0	1	1	0	0	0	0	0	0	1	1	0	0	1	1	1	0	1	1	0	1	1	0	1	1	1	1	0	1	1	0	0	0	1	1	0	0	1	1	1	0	1	1	0	0	0	0	1	1	1	1	0	1	1	0	1	1	0	1	1	0	1	1	1	0
la	48	9	10	1	1	0	0	0	0	0	0	0	1	1	0	0	0	0	0	0	0	1	1	0	0	0	0	0	0	0	1	1	0	0	1	1	1	1	0	1	1	0	0	0	0	0	1	1	1	1	0	0	1	1	1	1	1	1	1	0	1	1	0	0	1	1	1	1	0	1	1	0	0	1	1	1	1	0	1	1	0	0	1	1	0	1	1	0	1	1	1	1	1
ow	67	17	7	0	1	1	1	1	0	1	1	0	0	0	1	0	0	0	1	1	1	1	0	0	1	1	0	1	1	0	1	1	1	0	1	1	0	1	1	0	0	1	1	0	1	1	0	1	1	1	0	1	1	0	1	1	0	0	1	1	0	1	1	0	1	0	1	0	1	1	0	1	1	0	0	1	1	0	0	1	1	1	0	1	1	1	0	0	1	1	0	0	1	1	0	0	1	1	1	0	1	1	1	0	0	0	1	1	1	1	0	0	0	0	1	0	0	0	1	0	0	0
_g	49	15	10	0	0	0	0	0	0	0	0	0	1	1	1	1	1	0	0	0	0	0	0	0	0	0	1	1	0	0	1	1	0	0	0	0	0	0	0	0	0	1	1	0	0	1	1	0	0	0	0	0	0	0	0	0	1	1	0	0	1	1	0	0	0	0	0	0	0	0	0	0	1	1	1	1	0	0	0	0	0	0	0	0	0	0	1	1	0	0	0	0	0	0	0	0	0	0	0	0	0	1	1	1	1	1	1	0	0	0	0	0	0	0	0	0	1	0	0	0	0	1	1	1	1	1	1	1	1	1	1	1	1	0	0	0	1	1	0	0	0	0	0	0	0	0	0	1	1	1	1	1	0
Ré	75	14	10	1	1	1	1	1	1	0	0	0	0	0	0	1	1	1	1	0	0	0	1	1	0	0	0	0	1	1	0	1	1	0	0	0	1	1	0	0	0	0	0	0	0	1	1	0	0	0	1	1	0	0	1	1	1	1	0	1	1	0	0	0	1	1	0	1	1	0	0	1	1	1	1	1	1	1	0	0	0	1	1	0	0	1	1	1	1	0	0	1	1	0	0	1	1	1	1	1	1	1	1	0	0	1	1	0	0	1	1	0	0	0	0	1	1	0	0	0	1	1	0	1	1	0	0	1	1	1	1	0	0	0	0	1	1	0	1	1	1	1	0
yi	47	10	13	0	0	0	0	0	0	0	0	1	1	0	0	0	0	0	0	0	0	1	1	0	0	0	0	0	0	0	0	0	0	1	1	0	0	0	1	1	1	1	1	0	1	1	0	1	1	0	0	1	1	0	1	1	0	1	1	0	0	1	1	0	0	1	0	1	1	0	0	1	1	0	0	1	1	1	0	0	0	1	1	0	0	0	1	1	0	0	0	1	1	0	0	0	1	1	0	0	0	1	1	0	0	0	1	0	0	0	0	0	0	0	1	1	1	0	0	0	0	0	0	0	1	1	0	0	0	0	0	0	0
wi	58	14	10	0	0	0	0	0	0	0	0	0	0	0	0	1	1	0	0	0	0	0	0	0	0	0	0	0	0	1	1	0	0	0	0	0	0	0	0	0	0	0	0	0	0	1	1	0	0	0	1	0	0	0	1	1	1	1	1	0	1	1	0	1	1	1	0	1	1	0	0	1	1	0	1	1	0	1	1	1	0	1	1	0	0	1	1	0	1	1	0	1	0	1	0	1	1	0	0	1	1	0	0	1	1	1	0	1	1	1	0	0	0	1	1	0	0	1	1	1	0	1	1	1	0	0	0	1	1	0	0	0	1	0	0	0	1	0	0	0	0	1	1
vi	42	10	10	0	0	0	0	0	0	0	0	1	1	0	0	0	0	0	0	0	0	1	1	0	0	0	0	0	0	0	0	0	0	1	1	0	0	0	1	1	1	1	1	0	1	1	0	1	1	0	0	1	1	0	1	1	0	1	1	0	0	1	1	0	1	1	0	1	1	0	0	1	1	0	0	1	1	1	0	0	0	1	1	0	0	1	1	1	0	0	0	1	1	0	0	0	1	0	0	0	0	1	1
lo	48	9	10	1	1	0	0	0	0	0	0	0	1	1	0	0	0	0	0	0	0	1	1	0	0	0	0	0	0	0	1	1	0	0	1	1	1	1	0	1	1	0	1	1	0	0	1	1	1	1	0	1	1	0	0	1	1	1	1	0	1	1	0	0	1	1	1	1	0	1	1	0	0	1	1	1	1	0	1	1	0	0	1	1	0	1	1	0	1	1	1	1	0
Re	71	14	10	1	1	1	1	1	1	0	0	0	0	0	0	0	0	1	1	0	0	0	1	1	0	0	0	0	0	0	0	1	1	0	0	0	1	1	0	0	0	0	0	0	0	1	1	0	0	0	1	1	0	0	1	1	1	1	0	1	1	0	0	0	1	1	0	1	1	0	0	1	1	1	1	1	1	1	0	0	0	1	1	0	0	1	1	1	1	0	0	1	1	0	0	1	1	1	1	1	1	1	1	0	0	1	1	0	0	1	1	0	0	0	0	1	1	0	0	0	1	1	0	1	1	0	0	1	1	1	1	0	0	0	0	1	1	0	1	1	1	1	0
ys	49	12	10	1	1	0	0	0	1	1	0	1	1	1	0	0	1	1	0	1	1	0	1	1	0	1	1	0	1	1	0	1	1	0	1	1	0	0	0	0	0	1	0	1	1	0	0	1	1	1	0	0	0	1	1	1	0	0	0	0	0	1	1	0	0	0	1	1	0	0	1	1	0	1	1	0	0	0	1	1	0	0	0	1	1	1	0	0	0	0	1	0	0	0	0	0	0	0	0	0	1	1	1	0	0	0	0	0	0	0	0	0	1	1	0	0	0	0	0	0	0	0	0
le	48	9	10	1	1	0	0	0	0	0	0	0	1	1	0	0	0	0	0	0	0	1	1	0	0	0	0	0	0	0	1	1	0	0	1	1	1	1	0	1	1	0	1	1	0	0	1	1	1	1	0	1	1	0	0	1	1	1	1	0	1	1	1	1	1	1	1	1	0	1	1	0	0	0	0	1	1	0	1	1	0	0	1	1	0	1	1	0	1	1	1	1	0
fH	67	13	10	0	0	1	1	1	1	1	0	0	0	0	1	1	0	1	1	0	0	1	1	0	0	0	0	1	1	0	1	1	0	0	1	1	0	0	0	0	1	1	1	1	1	1	0	1	1	0	0	0	0	1	1	0	1	1	0	0	1	1	1	1	1	1	1	1	0	1	1	0	0	1	1	0	0	0	0	1	1	0	1	1	0	0	1	1	0	0	0	0	1	1	0	1	1	0	0	1	1	0	0	0	0	1	1	0	1	1	0	0	1	1	0	0	0	0	1	1	0	1	1	0	0	1	1	0	0	0	0	1	1
fP	59	12	10	0	0	1	1	1	1	1	1	1	1	0	0	0	1	1	0	0	1	1	0	0	1	1	0	0	1	1	0	0	1	1	0	0	0	1	1	1	1	1	1	0	1	1	0	0	0	1	1	0	1	1	0	0	1	1	0	0	0	1	1	0	1	1	0	0	1	1	0	0	1	1	0	0	1	1	0	0	1	1	1	1	1	0	0	0	1	1	0	0	1	1	0	0	0	0	0	0	1	1	0	0	1	1	0	0	0	0	0	0	1	1	0	0	1	1	0	0	0	0	0
fT	49	13	10	0	0	1	1	1	1	1	1	1	1	1	1	1	0	1	1	0	0	0	0	0	1	1	0	0	0	0	1	1	0	0	0	0	0	1	1	0	0	0	1	1	1	1	0	0	0	0	1	1	0	0	0	0	1	1	0	0	0	0	0	1	1	0	0	0	0	1	1	0	0	0	0	0	1	1	0	0	0	0	1	1	0	0	0	0	0	1	1	0	0	0	0	1	1	0	0	0	0	0	1	1	0	0	0	0	1	1	0	0	0	0	0	1	1	0	0	0	0	1	1	0	0	0	0	0	1	1	0	0	0
fY	53	13	10	0	0	1	1	1	1	1	0	0	0	0	1	1	0	1	1	0	0	0	1	1	0	0	1	1	0	0	1	1	0	0	0	1	1	0	0	1	1	0	1	1	1	1	0	0	0	1	1	1	1	0	0	0	1	1	0	0	0	0	1	1	1	1	0	0	0	1	1	0	0	0	0	0	1	1	0	0	0	0	1	1	0	0	0	0	0	1	1	0	0	0	0	1	1	0	0	0	0	0	1	1	0	0	0	0	1	1	0	0	0	0	0	1	1	0	0	0	0	1	1	0	0	0	0	0	1	1	0	0	0
fU	63	13	10	0	0	1	1	1	1	1	0	0	0	0	1	1	0	1	1	0	0	1	1	0	0	0	0	1	1	0	1	1	0	0	1	1	0	0	0	0	1	1	1	1	1	1	0	1	1	0	0	0	0	1	1	0	1	1	0	0	1	1	0	0	0	0	1	1	0	1	1	0	0	1	1	0	0	0	0	1	1	0	1	1	0	0	1	1	0	0	0	0	1	1	0	1	1	0	0	1	1	0	0	0	0	1	1	0	1	1	0	0	0	1	1	0	0	1	1	0	0	1	1	0	0	0	0	1	1	1	1	0	0
fS	55	11	10	0	0	1	1	1	0	1	1	1	1	0	0	1	1	0	0	1	1	0	0	1	1	0	1	1	0	0	1	1	0	0	0	0	1	1	1	1	0	1	1	1	0	0	0	0	1	1	0	0	0	1	1	1	0	0	0	1	1	0	0	0	0	1	1	1	0	0	1	1	0	0	0	0	0	1	1	1	0	1	1	0	0	0	0	0	0	1	1	0	1	1	0	0	1	1	0	0	1	1	0	1	1	0	0	0	1	1	1	1	0
fD	65	12	10	0	0	1	1	1	1	1	1	1	1	0	0	0	1	1	0	0	1	1	0	0	1	1	0	0	1	1	0	0	1	1	0	0	0	1	1	1	1	1	1	0	1	1	0	0	0	1	1	0	1	1	0	0	1	1	0	0	0	1	1	0	1	1	0	0	1	1	0	0	0	1	1	0	1	1	0	0	1	1	0	0	0	1	1	0	1	1	0	0	1	1	0	0	0	1	1	0	1	1	0	0	1	1	0	0	1	1	0	0	1	1	0	0	1	1	1	1	1	0	0
fV	56	12	10	0	0	1	1	1	1	1	0	0	0	1	1	0	1	1	0	0	1	1	0	0	0	1	1	0	1	1	0	0	0	1	1	0	1	1	0	1	1	1	1	0	0	1	1	0	1	1	0	0	1	1	0	0	0	1	1	0	1	1	0	0	1	1	0	0	0	1	1	0	1	1	0	0	1	1	0	0	0	0	1	0	1	0	0	0	1	1	0	0	0	0	1	1	1	0	0	0	1	1	0	0	0	0	1	1	1	0	0	0	1	1	0	0	0	0	0	1	0	0	0
fB	69	12	10	0	0	1	1	1	1	1	1	1	1	1	0	0	1	1	0	0	1	1	0	0	0	1	1	0	1	1	0	0	1	1	0	0	0	1	1	1	1	1	1	0	1	1	0	0	0	1	1	0	1	1	0	0	1	1	1	1	1	1	0	0	1	1	0	0	1	1	0	0	0	1	1	0	1	1	0	0	1	1	0	0	0	1	1	0	1	1	0	0	1	1	0	0	0	1	1	0	1	1	0	0	1	1	0	0	0	1	1	0	1	1	0	0	1	1	1	1	1	1	0
fN	69	13	10	0	0	1	1	1	1	0	0	0	0	0	1	1	0	1	1	0	0	1	1	0	0	0	0	1	1	0	1	1	0	0	1	1	1	0	0	0	1	1	1	1	1	1	0	1	1	1	1	0	0	1	1	0	1	1	0	0	1	1	0	1	1	0	1	1	0	1	1	0	0	1	1	0	0	1	1	1	1	0	1	1	0	0	1	1	0	0	0	1	1	1	0	1	1	0	0	1	1	0	0	0	0	1	1	0	1	1	0	0	1	1	0	0	0	0	1	1	0	1	1	0	0	1	1	0	0	0	0	0	1
fW	77	16	10	0	0	1	1	1	1	1	0	0	0	1	0	0	0	1	1	0	1	1	0	0	1	1	0	0	0	1	0	0	0	1	1	0	1	1	0	0	0	1	1	0	1	1	1	0	1	1	0	1	1	1	1	0	0	1	1	0	1	1	1	0	1	1	0	0	1	1	0	0	0	1	1	0	1	0	1	0	1	1	0	0	1	1	0	0	0	1	1	0	1	0	1	0	1	1	0	0	1	1	0	0	0	0	1	0	1	0	1	0	1	0	0	0	1	1	0	0	0	0	1	1	1	0	1	1	1	0	0	0	1	1	0	0	0	0	1	1	0	0	0	1	1	0	0	0	1	1	0	0	0	0	1	1	0	0	0	1	1	0	0
fX	59	13	10	0	0	1	1	1	1	1	0	0	0	0	1	1	0	1	1	0	0	0	1	1	0	0	1	1	0	0	1	1	0	0	0	1	1	0	0	1	1	0	1	1	1	1	0	0	0	1	1	1	1	0	0	0	1	1	0	0	0	0	0	1	1	0	0	0	0	1	1	0	0	0	0	0	1	1	0	0	0	0	1	1	0	0	0	0	1	1	1	1	0	0	0	1	1	0	0	0	1	1	0	0	1	1	0	0	1	1	0	0	0	1	1	0	0	1	1	0	0	1	1	0	0	1	1	0	0	0	0	1	1
fK	65	13	10	0	0	1	1	1	1	1	0	0	0	1	1	0	0	1	1	0	0	1	1	0	0	1	1	0	0	0	1	1	0	0	1	1	0	1	1	0	0	0	1	1	1	1	0	1	1	0	1	1	0	0	0	0	1	1	0	0	1	1	1	1	0	0	0	0	0	1	1	0	0	1	1	1	1	1	0	0	0	0	1	1	0	0	1	1	1	0	1	1	0	0	0	1	1	0	0	1	1	0	0	1	1	0	0	0	1	1	0	0	1	1	0	0	0	1	1	0	0	1	1	0	0	1	1	0	0	0	0	1	1
fL	47	11	10	0	0	1	1	1	1	1	0	0	0	0	0	1	1	0	0	1	1	0	0	0	0	0	1	1	0	0	1	1	0	0	0	0	1	1	1	1	0	1	1	0	0	0	0	0	1	1	0	0	1	1	0	0	0	0	0	1	1	0	0	1	1	0	0	0	0	0	1	1	0	0	1	1	0	0	0	0	0	1	1	0	0	1	1	0	0	0	0	0	1	1	0	0	1	1	0	0	0	0	0	1	1	0	0	1	1	1	1	1	1
xa	53	13	7	1	1	0	0	0	1	1	0	1	1	1	1	0	0	1	1	0	1	1	0	0	0	0	0	1	1	0	0	1	1	1	0	0	0	1	1	1	1	1	0	0	1	1	1	0	0	1	1	0	0	1	1	0	0	1	1	1	0	0	1	1	0	0	1	1	0	1	1	0	1	1	0	1	1	0	0	1	1	1	1	0	0	0	1	1	0	1	1	1	1	1
xz	47	13	7	1	1	0	0	0	1	1	1	1	1	1	1	1	0	1	1	0	1	1	0	0	0	0	0	1	1	0	0	1	1	1	0	0	0	0	0	1	1	0	0	0	1	1	1	0	0	0	0	1	1	0	0	0	0	1	1	1	0	0	0	1	1	0	0	0	0	1	1	0	1	1	0	1	1	0	0	0	0	1	1	0	0	0	1	1	1	1	1	1	1	1
xe	53	13	7	1	1	0	0	0	1	1	0	1	1	1	1	0	0	1	1	0	1	1	0	1	1	0	0	1	1	0	0	1	1	1	0	0	1	1	0	0	1	1	0	0	1	1	1	0	0	1	1	1	1	1	1	0	0	1	1	1	0	0	1	1	0	0	0	0	0	1	1	0	1	1	0	1	1	0	0	1	1	1	1	0	0	0	1	1	0	1	1	1	1	0
xt	45	11	9	0	0	0	0	0	0	0	0	1	1	0	0	0	0	0	0	0	0	0	1	1	0	1	1	0	0	0	1	1	1	1	1	1	0	1	1	0	1	1	0	0	1	1	0	0	0	1	1	1	0	0	0	1	1	0	0	0	1	1	1	0	0	0	1	1	0	0	0	1	1	1	0	0	0	1	1	0	0	1	1	0	1	1	0	0	1	1	0	1	1	0	0	0	1	1	0	0	1	1
xy	53	14	10	1	1	0	0	0	1	1	1	1	0	0	0	1	1	0	1	1	0	1	1	0	0	1	1	0	1	1	0	0	0	1	1	1	0	0	0	1	1	0	1	1	0	0	0	1	1	1	0	0	0	0	1	0	1	1	0	0	0	1	1	1	0	0	0	0	1	1	1	0	0	0	1	1	0	1	1	0	0	0	0	1	1	0	0	1	1	0	0	0	1	1	0	0	0	1	1	0	0	0	0	0	0	0	0	0	0	0	0	1	0	0	0	0	0	0	0	0	0	0	0	1	1	1	0	0	0	0	0	0	0	0	0	0	0	1	1	0	0	0	0
xi	44	10	10	0	0	0	0	0	0	0	0	1	1	0	0	0	0	0	0	0	0	1	1	0	0	0	0	0	0	0	0	0	0	1	1	0	0	0	1	1	1	1	1	0	1	1	0	1	1	0	0	1	1	0	0	1	1	1	0	0	0	1	1	0	0	1	1	1	0	0	0	1	1	0	0	1	1	1	0	0	0	1	1	0	1	1	0	1	1	0	0	1	1	1	1	0	0	0	1	1	0	1	1
xo	53	13	7	1	1	0	0	0	1	1	0	1	1	1	1	0	0	1	1	0	1	1	0	1	1	0	0	1	1	0	0	1	1	1	0	0	1	1	0	0	1	1	0	0	1	1	1	0	0	1	1	0	0	1	1	0	0	1	1	1	0	0	1	1	0	0	1	1	0	1	1	0	1	1	0	1	1	0	0	1	1	1	1	0	0	0	1	1	0	1	1	1	1	0
xs	46	12	7	1	1	0	0	0	1	1	0	1	1	1	0	0	1	1	0	1	1	0	1	1	0	1	1	0	0	1	1	1	0	0	1	1	0	0	0	0	0	1	1	1	0	0	0	1	1	1	0	0	0	1	1	1	0	0	0	0	0	1	1	0	1	1	0	1	1	0	1	1	0	1	1	1	1	0	0	0	1	1	0	1	1	1	0
xf	48	12	10	0	0	0	0	0	0	0	0	0	1	1	1	0	0	0	0	0	0	0	0	1	1	0	0	0	0	0	0	0	0	0	0	1	1	0	0	1	1	0	0	0	1	1	1	1	1	1	0	0	1	1	0	1	1	0	0	1	1	0	0	0	0	1	1	1	0	0	0	1	1	0	0	0	0	1	1	1	0	0	0	1	1	0	0	0	0	1	1	1	0	0	0	1	1	0	0	0	1	1	0	1	1	0	0	1	1	0	0	1	1	0	0	0	1	1	0	1	1	0	0
xg	66	14	10	1	1	0	0	0	1	1	0	1	1	1	1	1	0	0	1	1	0	1	1	0	1	1	0	0	1	1	0	0	0	1	1	1	0	0	1	1	0	0	1	1	0	0	0	1	1	1	0	0	1	1	0	0	1	1	0	0	0	1	1	1	0	0	0	1	1	1	1	0	0	0	1	1	0	1	1	0	1	1	0	0	0	0	0	1	1	0	0	0	1	1	1	1	1	1	1	1	0	0	0	0	0	0	0	0	1	0	0	0	0	1	1	0	0	0	0	0	0	0	1	1	0	0	0	1	1	0	0	0	0	0	0	0	0	1	1	1	1	1	0
xk	60	14	10	0	0	0	0	0	0	0	1	1	0	0	0	0	0	0	0	0	0	0	0	0	1	1	0	0	0	0	0	0	0	0	0	0	0	0	1	1	0	0	0	0	0	1	1	0	0	0	1	1	1	1	0	0	1	1	0	0	1	1	0	1	1	0	1	1	0	1	1	0	0	0	0	1	1	1	0	0	1	1	1	1	0	0	0	0	0	1	1	1	0	0	1	1	1	1	1	0	0	0	0	1	1	1	0	0	1	1	0	1	1	0	0	0	1	1	0	1	1	0	1	1	0	0	1	1	0	1	1	0	0	0	1	1	1	1	0	0	0	1	1
xm	68	17	7	1	1	0	0	0	1	1	1	0	1	1	1	0	1	1	1	0	0	1	1	0	1	1	0	1	1	0	0	1	1	0	0	1	1	0	0	1	1	1	0	0	1	1	0	0	1	1	0	0	1	1	0	0	1	1	1	0	0	1	1	0	0	1	1	0	0	1	1	0	0	1	1	1	0	0	1	1	0	0	1	1	0	0	1	1	0	1	1	0	1	1	0	1	1	0	0	1	1	0	0	1	1	1	1	0	0	0	1	1	1	1	0	0	1	1	0	0	1	1
xw	63	17	7	1	1	0	0	0	1	1	1	0	0	0	1	0	0	0	1	1	0	1	1	0	1	1	0	1	1	0	1	1	1	0	1	1	0	0	0	1	1	1	0	0	1	1	0	1	1	1	0	1	1	0	0	0	1	1	1	0	0	1	1	0	1	0	1	0	1	1	0	0	0	1	1	1	0	0	0	1	1	1	0	1	1	1	0	0	0	1	1	0	1	1	0	0	1	1	1	0	1	1	1	0	0	1	1	0	0	0	1	1	0	0	1	0	0	0	1	0	0	0
xx	50	14	7	1	1	0	0	0	1	1	1	1	0	0	0	1	1	0	1	1	0	1	1	0	0	1	1	0	1	1	0	0	0	1	1	1	0	0	0	0	1	1	1	0	0	0	0	1	1	1	0	0	0	0	1	1	1	0	0	0	0	1	1	1	0	0	0	0	1	1	1	0	0	0	1	1	0	1	1	0	0	1	1	0	1	1	0	1	1	0	0	0	1	1	1	1	0	0	0	1	1
xc	47	13	7	1	1	0	0	0	1	1	0	1	1	1	1	0	0	1	1	0	1	1	0	1	1	0	0	1	1	0	0	1	1	1	0	0	1	1	0	0	0	0	0	0	1	1	1	0	0	1	1	0	0	0	0	0	0	1	1	1	0	0	1	1	0	0	0	0	0	1	1	0	1	1	0	1	1	0	0	1	1	1	1	0	0	0	1	1	0	1	1	1	1	0
xv	48	14	7	1	1	0	0	0	1	1	1	1	0	0	0	1	1	0	1	1	0	1	1	0	0	1	1	0	1	1	0	0	0	1	1	1	0	0	0	1	1	0	1	1	0	0	0	1	1	1	0	0	0	1	1	0	1	1	0	0	0	1	1	1	0	0	0	0	1	1	1	0	0	0	1	1	0	1	1	0	0	0	1	1	1	0	0	1	1	0	0	0	1	1	0	0	0	1	0	0	0
A	34	7	10	0	0	0	1	0	0	0	0	0	1	1	1	0	0	0	0	1	1	1	0	0	0	0	1	0	1	0	0	0	1	1	0	1	1	0	0	1	1	0	1	1	0	0	1	1	0	1	1	0	0	1	1	1	1	1	0	1	1	0	0	0	1	1	1	1	0	0	0	1	1
B	46	7	10	1	1	1	1	1	1	0	1	1	0	0	0	1	1	1	1	0	0	0	1	1	1	1	0	0	0	1	1	1	1	1	1	1	1	0	1	1	0	0	0	1	1	1	1	0	0	0	1	1	1	1	0	0	0	1	1	1	1	0	0	0	1	1	1	1	1	1	1	1	0
C	28	7	10	0	0	1	1	1	1	0	0	1	1	0	0	1	1	1	1	0	0	0	0	0	1	1	0	0	0	0	0	1	1	0	0	0	0	0	1	1	0	0	0	0	0	1	1	0	0	0	0	0	1	1	0	0	0	0	0	0	1	1	0	0	1	1	0	0	1	1	1	1	0
D	42	7	10	1	1	1	1	1	0	0	1	1	0	0	1	1	0	1	1	0	0	0	1	1	1	1	0	0	0	1	1	1	1	0	0	0	1	1	1	1	0	0	0	1	1	1	1	0	0	0	1	1	1	1	0	0	0	1	1	1	1	0	0	1	1	0	1	1	1	1	1	0	0
E	28	5	10	1	1	1	1	1	1	1	0	0	0	1	1	0	0	0	1	1	0	0	0	1	1	1	1	0	1	1	0	0	0	1	1	0	0	0	1	1	0	0	0	1	1	0	0	0	1	1	1	1	1
F	27	6	10	1	1	1	1	1	1	1	1	0	0	0	0	1	1	0	0	0	0	1	1	0	0	0	0	1	1	1	1	1	0	1	1	0	0	0	0	1	1	0	0	0	0	1	1	0	0	0	0	1	1	0	0	0	0	1	1	0	0	0	0
G	37	8	10	0	0	1	1	1	1	1	0	0	1	1	0	0	0	1	1	1	1	0	0	0	0	0	0	1	1	0	0	0	0	0	0	1	1	0	0	0	0	0	0	1	1	0	0	0	1	1	1	1	1	0	0	0	0	1	1	1	1	0	0	0	0	1	1	0	1	1	0	0	0	1	1	0	0	1	1	1	1	1	0
H	44	8	10	1	1	0	0	0	0	1	1	1	1	0	0	0	0	1	1	1	1	0	0	0	0	1	1	1	1	0	0	0	0	1	1	1	1	1	1	1	1	1	1	1	1	0	0	0	0	1	1	1	1	0	0	0	0	1	1	1	1	0	0	0	0	1	1	1	1	0	0	0	0	1	1	1	1	0	0	0	0	1	1
I	20	2	10	1	1	1	1	1	1	1	1	1	1	1	1	1	1	1	1	1	1	1	1
J	24	6	10	0	0	0	0	1	1	0	0	0	0	1	1	0	0	0	0	1	1	0	0	0	0	1	1	0	0	0	0	1	1	0	0	0	0	1	1	0	0	0	0	1	1	0	0	0	0	1	1	1	1	0	0	1	1	0	1	1	1	1	0
K	42	8	10	1	1	0	0	0	1	1	0	1	1	0	0	1	1	0	0	1	1	0	1	1	0	0	0	1	1	0	1	1	0	0	0	1	1	1	1	0	0	0	0	1	1	1	1	1	0	0	0	1	1	1	0	1	1	0	0	1	1	0	0	1	1	0	0	1	1	0	0	0	1	1	0	1	1	0	0	0	0	1	1
L	24	6	10	1	1	0	0	0	0	1	1	0	0	0	0	1	1	0	0	0	0	1	1	0	0	0	0	1	1	0	0	0	0	1	1	0	0	0	0	1	1	0	0	0	0	1	1	0	0	0	0	1	1	0	0	0	0	1	1	1	1	1	1
M	51	9	10	0	1	0	0	0	0	0	1	0	0	1	1	0	0	0	1	1	0	0	1	1	0	0	0	1	1	0	0	1	1	0	0	0	1	1	0	0	1	1	1	0	1	1	1	0	0	1	1	1	0	1	1	1	0	1	1	0	1	0	1	0	1	1	1	1	0	1	1	1	0	1	1	1	1	0	1	1	1	0	1	1	1	1	0	0	1	0	0	1	1
N	46	8	10	1	0	0	0	0	0	1	1	1	1	0	0	0	0	1	1	1	1	1	0	0	0	1	1	1	1	1	1	0	0	1	1	1	1	0	1	1	0	1	1	1	1	0	0	1	1	1	1	1	1	0	0	0	1	1	1	1	1	0	0	0	0	1	1	1	1	0	0	0	0	1	1	1	1	0	0	0	0	0	1
O	40	8	10	0	0	1	1	1	1	0	0	0	1	1	0	0	1	1	0	1	1	0	0	0	0	1	1	1	1	0	0	0	0	1	1	1	1	0	0	0	0	1	1	1	1	0	0	0	0	1	1	1	1	0	0	0	0	1	1	1	1	0	0	0	0	1	1	0	1	1	0	0	1	1	0	0	0	1	1	1	1	0	0
P	36	7	10	1	1	1	1	1	0	0	1	1	0	0	1	1	0	1	1	0	0	0	1	1	1	1	0	0	0	1	1	1	1	0	0	0	1	1	1	1	0	0	1	1	0	1	1	1	1	1	0	0	1	1	0	0	0	0	0	1	1	0	0	0	0	0	1	1	0	0	0	0	0
Q	44	9	12	0	0	1	1	1	1	0	0	0	0	1	1	0	0	1	1	0	0	1	1	0	0	0	0	1	1	0	1	1	0	0	0	0	1	1	0	1	1	0	0	0	0	1	1	0	1	1	0	0	0	0	1	1	0	1	1	0	0	0	0	1	1	0	1	1	0	0	0	0	1	1	0	0	1	1	0	0	1	1	0	0	0	0	1	1	1	1	0	0	0	0	0	0	0	0	1	0	0	0	0	0	0	0	0	0	1	1	1
R	43	8	10	1	1	1	1	1	1	0	0	1	1	0	0	0	1	1	0	1	1	0	0	0	1	1	0	1	1	0	0	0	1	1	0	1	1	0	0	0	1	1	0	1	1	1	1	1	0	0	0	1	1	0	0	1	1	0	0	1	1	0	0	1	1	0	0	1	1	0	0	0	1	1	0	1	1	0	0	0	0	1	1
S	32	6	10	0	1	1	1	1	0	1	1	0	0	1	1	1	1	0	0	0	0	1	1	1	0	0	0	0	1	1	1	0	0	0	0	1	1	1	0	0	0	0	1	1	1	0	0	0	0	1	1	1	1	0	0	1	1	0	1	1	1	1	0
T	26	8	10	1	1	1	1	1	1	1	1	0	0	0	1	1	0	0	0	0	0	0	1	1	0	0	0	0	0	0	1	1	0	0	0	0	0	0	1	1	0	0	0	0	0	0	1	1	0	0	0	0	0	0	1	1	0	0	0	0	0	0	1	1	0	0	0	0	0	0	1	1	0	0	0	0	0	0	1	1	0	0	0
U	40	8	10	1	1	0	0	0	0	1	1	1	1	0	0	0	0	1	1	1	1	0	0	0	0	1	1	1	1	0	0	0	0	1	1	1	1	0	0	0	0	1	1	1	1	0	0	0	0	1	1	1	1	0	0	0	0	1	1	1	1	0	0	0	0	1	1	0	1	1	0	0	1	1	0	0	0	1	1	1	1	0	0
V	33	7	10	1	1	0	0	0	1	1	1	1	0	0	0	1	1	0	1	1	0	1	1	0	0	1	1	0	1	1	0	0	1	1	0	1	1	0	0	1	1	0	1	1	0	0	0	1	0	1	0	0	0	0	1	1	1	0	0	0	0	1	1	1	0	0	0	0	0	1	0	0	0
W	54	11	10	1	1	0	0	0	1	0	0	0	1	1	1	1	0	0	0	1	0	0	0	1	1	0	1	1	0	1	1	1	0	1	1	0	0	1	1	0	1	1	1	0	1	1	0	0	1	1	0	1	0	1	0	1	1	0	0	1	1	0	1	0	1	0	1	1	0	0	0	1	0	1	0	1	0	1	0	0	0	0	1	1	1	0	1	1	1	0	0	0	0	1	1	0	0	0	1	1	0	0	0	0	1	1	0	0	0	1	1	0	0
X	36	8	10	1	1	0	0	0	0	1	1	0	1	1	0	0	1	1	0	0	1	1	0	0	1	1	0	0	0	1	1	1	1	0	0	0	0	0	1	1	0	0	0	0	0	0	1	1	0	0	0	0	0	1	1	1	1	0	0	0	1	1	0	0	1	1	0	0	1	1	0	0	1	1	0	1	1	0	0	0	0	1	1
Y	30	8	10	1	1	0	0	0	0	1	1	0	1	1	0	0	1	1	0	0	1	1	0	0	1	1	0	0	0	1	1	1	1	0	0	0	0	1	1	1	1	0	0	0	0	0	1	1	0	0	0	0	0	0	1	1	0	0	0	0	0	0	1	1	0	0	0	0	0	0	1	1	0	0	0	0	0	0	1	1	0	0	0
Z	28	6	10	1	1	1	1	1	1	0	0	0	0	1	1	0	0	0	1	1	0	0	0	0	1	1	0	0	0	1	1	0	0	0	0	1	1	0	0	0	1	1	0	0	0	0	1	1	0	0	0	1	1	0	0	0	0	1	1	1	1	1	1
a	28	6	7	0	1	1	1	1	0	0	0	0	0	1	1	0	1	1	1	1	1	1	1	0	0	1	1	1	1	0	0	1	1	1	1	0	0	1	1	0	1	1	1	1	1
b	36	6	10	1	1	0	0	0	0	1	1	0	0	0	0	1	1	0	0	0	0	1	1	1	1	1	0	1	1	0	0	1	1	1	1	0	0	1	1	1	1	0	0	1	1	1	1	0	0	1	1	1	1	0	0	1	1	1	1	1	1	1	0
c	22	6	7	0	1	1	1	1	0	1	1	0	0	1	1	1	1	0	0	0	0	1	1	0	0	0	0	1	1	0	0	0	0	1	1	0	0	1	1	0	1	1	1	1	0
d	36	6	10	0	0	0	0	1	1	0	0	0	0	1	1	0	0	0	0	1	1	0	1	1	1	1	1	1	1	0	0	1	1	1	1	0	0	1	1	1	1	0	0	1	1	1	1	0	0	1	1	1	1	0	0	1	1	0	1	1	1	1	1
e	28	6	7	0	1	1	1	1	0	1	1	0	0	1	1	1	1	0	0	1	1	1	1	1	1	1	1	1	1	0	0	0	0	1	1	0	0	1	1	0	1	1	1	1	0
f	23	5	10	0	0	1	1	1	0	1	1	0	0	0	1	1	0	0	1	1	1	1	0	0	1	1	0	0	0	1	1	0	0	0	1	1	0	0	0	1	1	0	0	0	1	1	0	0	0	1	1	0	0
g	41	7	10	0	1	1	1	1	1	0	1	1	0	0	1	1	0	1	1	0	0	1	1	0	1	1	0	0	1	1	0	0	1	1	1	1	0	0	1	1	0	0	0	0	0	1	1	1	1	1	1	0	1	0	0	0	0	1	1	1	1	0	0	0	1	1	0	1	1	1	1	1	0
h	35	6	10	1	1	0	0	0	0	1	1	0	0	0	0	1	1	0	0	0	0	1	1	1	1	1	0	1	1	0	0	1	1	1	1	0	0	1	1	1	1	0	0	1	1	1	1	0	0	1	1	1	1	0	0	1	1	1	1	0	0	1	1
i	19	3	10	0	1	1	0	1	1	0	0	0	1	1	1	0	1	1	0	1	1	0	1	1	0	1	1	0	1	1	0	1	1
j	26	4	13	0	0	1	1	0	0	1	1	0	0	0	0	0	1	1	1	0	0	1	1	0	0	1	1	0	0	1	1	0	0	1	1	0	0	1	1	0	0	1	1	0	0	1	1	0	0	1	1	1	1	1	0
k	35	7	10	1	1	0	0	0	0	0	1	1	0	0	0	0	0	1	1	0	0	0	0	0	1	1	0	0	1	1	0	1	1	0	1	1	0	0	1	1	1	1	0	0	0	1	1	1	1	1	0	0	1	1	0	1	1	0	0	1	1	0	0	1	1	0	1	1	0	0	0	1	1
l	20	3	10	1	1	0	1	1	0	1	1	0	1	1	0	1	1	0	1	1	0	1	1	0	1	1	0	1	1	0	0	1	1
m	43	10	7	1	0	1	1	1	0	1	1	1	0	1	1	0	0	1	1	0	0	1	1	1	1	0	0	1	1	0	0	1	1	1	1	0	0	1	1	0	0	1	1	1	1	0	0	1	1	0	0	1	1	1	1	0	0	1	1	0	0	1	1	1	1	0	0	1	1	0	0	1	1
n	28	6	7	1	0	1	1	1	0	1	1	0	0	1	1	1	1	0	0	1	1	1	1	0	0	1	1	1	1	0	0	1	1	1	1	0	0	1	1	1	1	0	0	1	1
o	28	6	7	0	1	1	1	1	0	1	1	0	0	1	1	1	1	0	0	1	1	1	1	0	0	1	1	1	1	0	0	1	1	1	1	0	0	1	1	0	1	1	1	1	0
p	36	6	10	1	1	1	1	1	0	1	1	0	0	1	1	1	1	0	0	1	1	1	1	0	0	1	1	1	1	0	0	1	1	1	1	0	0	1	1	1	1	1	1	1	0	1	1	0	0	0	0	1	1	0	0	0	0	1	1	0	0	0	0
q	36	6	10	0	1	1	1	1	1	1	1	0	0	1	1	1	1	0	0	1	1	1	1	0	0	1	1	1	1	0	0	1	1	1	1	0	0	1	1	0	1	1	1	1	1	0	0	0	0	1	1	0	0	0	0	1	1	0	0	0	0	1	1
r	17	4	7	1	1	1	1	1	1	0	1	1	1	0	0	1	1	0	0	1	1	0	0	1	1	0	0	1	1	0	0
s	21	5	7	0	1	1	1	0	1	1	0	1	1	1	1	0	0	0	0	1	1	1	0	0	0	0	1	1	1	1	0	1	1	0	1	1	1	0
t	20	4	9	0	1	1	0	0	1	1	0	1	1	1	1	0	1	1	0	0	1	1	0	0	1	1	0	0	1	1	0	0	1	1	0	0	0	1	1
u	29	6	7	1	1	0	0	1	1	1	1	0	0	1	1	1	1	0	0	1	1	1	1	0	0	1	1	1	1	0	0	1	1	1	1	0	0	1	1	0	1	1	1	1	1
v	23	7	7	1	1	0	0	0	1	1	0	1	1	0	1	1	0	0	1	1	0	1	1	0	0	1	1	0	1	1	0	0	0	1	1	1	0	0	0	0	1	1	1	0	0	0	0	0	1	0	0	0
w	39	11	7	1	1	0	0	0	1	0	0	0	1	1	0	1	1	0	1	1	1	0	1	1	0	0	1	1	0	1	1	1	0	1	1	0	0	1	1	0	1	0	1	0	1	1	0	0	0	1	1	1	0	1	1	1	0	0	0	0	1	1	1	0	1	1	1	0	0	0	0	0	1	0	0	0	1	0	0	0
x	25	7	7	1	1	0	0	0	1	1	0	1	1	0	1	1	0	0	0	1	1	1	0	0	0	0	1	1	1	0	0	0	0	1	1	1	0	0	0	1	1	0	1	1	0	1	1	0	0	0	1	1
y	28	7	10	1	1	0	0	0	1	1	0	1	1	0	1	1	0	0	1	1	0	1	1	0	0	0	1	0	1	1	0	0	0	1	1	1	0	0	0	0	0	1	1	0	0	0	0	0	1	1	0	0	0	0	0	1	0	0	0	0	1	1	1	0	0	0	0	1	1	0	0	0	0
z	22	6	7	1	1	1	1	1	1	0	0	0	0	1	1	0	0	0	1	1	0	0	0	1	1	0	0	0	1	1	0	0	0	1	1	0	0	0	0	1	1	1	1	1	1
\\	19	5	10	1	1	0	0	0	0	1	0	0	0	0	1	1	0	0	0	1	1	0	0	0	1	1	0	0	0	0	1	1	0	0	0	1	1	0	0	0	1	1	0	0	0	0	1	1	0	0	0	1	1
/	19	5	10	0	0	0	1	1	0	0	0	1	0	0	0	1	1	0	0	0	1	1	0	0	0	1	1	0	0	1	1	0	0	0	1	1	0	0	0	1	1	0	0	1	1	0	0	0	1	1	0	0	0
:	8	2	7	1	1	1	1	0	0	0	0	0	0	1	1	1	1
*	18	6	5	0	0	1	1	0	0	1	1	1	1	1	1	0	1	1	1	1	0	0	1	1	1	1	0	0	1	0	0	1	0
?	23	5	10	1	1	1	1	0	1	0	0	1	1	0	0	0	1	1	0	0	1	1	1	0	1	1	1	0	0	1	1	0	0	0	1	1	0	0	0	0	0	0	0	0	1	1	0	0	0	1	1	0	0
<	14	6	5	0	0	0	0	1	1	0	1	1	1	1	0	1	1	0	0	0	0	0	1	1	1	1	0	0	0	0	0	1	1
>	12	5	5	1	1	0	0	0	0	1	1	1	0	0	0	0	1	1	0	1	1	1	0	1	1	0	0	0
|	13	1	13	1	1	1	1	1	1	1	1	1	1	1	1	1
&	44	8	10	0	1	1	1	1	0	0	0	1	1	0	0	0	1	0	0	1	1	0	0	0	1	0	0	1	1	0	0	1	1	0	0	0	1	1	1	1	1	1	1	1	1	0	0	1	1	0	0	1	1	0	0	1	1	0	0	1	1	0	0	1	1	0	0	1	1	0	0	1	1	0	0	0	1	1	1	1	1	1	1
~	7	5	2	1	1	0	0	1	1	0	1	1	1
'	6	2	3	1	1	1	1	1	1
`	4	3	2	1	1	0	0	1	1
(	22	3	13	0	0	1	0	1	1	0	1	0	1	1	0	1	1	0	1	1	0	1	1	0	1	1	0	1	1	0	1	1	0	0	1	0	0	1	1	0	0	1
[	30	4	13	1	1	1	1	1	1	0	0	1	1	0	0	1	1	0	0	1	1	0	0	1	1	0	0	1	1	0	0	1	1	0	0	1	1	0	0	1	1	0	0	1	1	0	0	1	1	0	0	1	1	1	1
{	28	5	13	0	0	1	1	1	0	1	1	0	0	0	1	1	0	0	0	1	1	0	0	0	1	1	0	0	0	1	1	0	0	1	1	0	0	0	0	1	1	0	0	0	1	1	0	0	0	1	1	0	0	0	1	1	0	0	0	1	1	0	0	0	0	1	1	1
-	3	3	1	1	1	1
_	8	8	1	1	1	1	1	1	1	1	1
ç	27	6	10	0	1	1	1	1	0	1	1	0	0	1	1	1	1	0	0	0	0	1	1	0	0	0	0	1	1	0	0	0	0	1	1	0	0	1	1	0	1	1	1	1	0	0	0	1	1	0	0	0	0	0	1	0	0	0	0	1	1	0	0
@	30	8	9	0	0	1	1	1	1	0	0	0	1	0	0	0	0	1	0	1	0	0	1	0	0	0	1	1	0	0	0	1	0	0	1	1	0	0	1	1	0	0	1	1	0	1	0	1	0	0	1	1	0	0	1	1	1	1	0	0	1	0	0	0	0	0	0	0	0	1	1	1	1	0	0
)	23	3	13	1	0	0	1	1	0	0	1	1	0	1	1	0	1	1	0	1	1	0	1	1	0	1	1	0	1	1	0	1	1	0	1	0	1	1	0	1	0	0
]	30	4	13	1	1	1	1	0	0	1	1	0	0	1	1	0	0	1	1	0	0	1	1	0	0	1	1	0	0	1	1	0	0	1	1	0	0	1	1	0	0	1	1	0	0	1	1	0	0	1	1	1	1	1	1
}	28	5	13	1	1	1	0	0	0	0	1	1	0	0	0	1	1	0	0	0	1	1	0	0	0	1	1	0	0	0	1	1	0	0	0	0	1	1	0	0	1	1	0	0	0	1	1	0	0	0	1	1	0	0	0	1	1	0	0	0	1	1	0	1	1	1	0	0
°	8	3	3	1	1	1	1	0	1	1	1	1
=	12	6	3	1	1	1	1	1	1	0	0	0	0	0	0	1	1	1	1	1	1
£	28	6	10	0	0	1	1	1	0	0	1	1	0	0	1	0	1	1	0	0	0	0	1	1	0	0	0	1	1	1	1	0	0	0	1	1	0	0	0	0	1	1	0	0	0	0	1	1	0	0	0	0	1	1	0	0	1	1	1	1	1	1	0
$	32	6	12	0	0	1	0	0	0	0	1	1	1	1	0	1	1	0	0	0	1	1	1	0	0	0	0	1	1	1	0	0	0	0	1	1	1	0	0	0	0	1	1	1	0	0	0	0	1	1	1	0	0	0	0	1	1	1	0	0	0	1	1	0	1	1	1	1	0	0	0	1	0	0	0
¤	20	6	6	1	1	1	1	1	1	0	1	0	0	1	0	1	0	0	0	0	1	1	0	0	0	0	1	0	1	0	0	1	0	1	1	1	1	1	1
µ	36	6	10	1	1	0	0	1	1	1	1	0	0	1	1	1	1	0	0	1	1	1	1	0	0	1	1	1	1	0	0	1	1	1	1	0	0	1	1	1	1	1	1	1	1	1	1	0	0	0	0	1	1	0	0	0	0	1	1	0	0	0	0
%	32	9	10	0	1	1	0	0	0	0	1	0	1	0	0	1	0	0	1	0	0	1	0	0	1	0	1	1	0	0	1	0	0	1	0	1	0	0	0	0	1	1	0	1	0	0	0	0	0	0	0	0	1	0	1	1	0	0	0	0	1	0	1	0	0	1	0	0	1	1	0	1	0	0	1	0	0	1	0	0	1	0	0	1	0	1	0	0	0	0	1	1	0
§	34	5	10	0	1	1	1	1	1	1	0	0	1	1	1	1	0	0	0	1	1	1	0	1	1	0	1	1	1	1	0	1	1	0	1	1	1	1	0	0	0	1	1	1	0	0	1	1	1	1	1	1	0
!	18	2	10	1	1	1	1	1	1	1	1	1	1	1	1	1	1	0	0	1	1	1	1
;	10	2	9	1	1	1	1	0	0	0	0	0	0	1	1	1	1	0	1	1	0
.	4	2	2	1	1	1	1
,	6	2	4	1	1	1	1	0	1	1	0
+	9	5	5	0	0	1	0	0	0	0	1	0	0	1	1	1	1	1	0	0	1	0	0	0	0	1	0	0
€	30	7	9	0	0	0	1	1	1	1	0	0	1	1	0	0	0	0	1	1	0	0	0	0	1	1	1	1	1	1	0	0	1	1	0	0	0	0	1	1	1	1	1	0	0	0	1	1	0	0	0	0	0	0	1	1	0	0	1	0	0	0	1	1	1	1
#	28	7	10	0	0	0	1	0	0	1	0	0	0	1	0	0	1	0	0	1	0	0	1	0	0	1	1	1	1	1	1	0	0	1	0	0	1	0	0	1	0	0	1	0	0	1	1	1	1	1	1	0	0	1	0	0	1	0	0	1	0	0	1	0	0	0	1	0	0	1	0	0	0
